# Created by Octave 5.1.0, Wed Jun 19 02:20:42 2019 GMT <unknown@DESKTOP-CFK5EOT>
# name: acc_offset
# type: matrix
# rows: 6
# columns: 1
 5.6804474066945589
 13.827291777133711
 5.8449265267507577
 12.519114500034027
 0.46976408511263612
 14.339485981748547


# name: acc_data
# type: matrix
# rows: 5000
# columns: 3
 61 -56 -97
 61 -56 -97
 61 -56 -97
 62 -53 -100
 62 -53 -100
 62 -53 -100
 63 -56 -99
 63 -56 -99
 63 -56 -99
 68 -58 -105
 68 -58 -105
 68 -58 -105
 71 -61 -105
 71 -61 -105
 71 -61 -105
 71 -58 -105
 71 -58 -105
 71 -58 -105
 72 -58 -103
 72 -58 -103
 72 -58 -103
 73 -56 -102
 73 -56 -102
 73 -56 -102
 72 -55 -100
 72 -55 -100
 72 -55 -100
 71 -52 -102
 71 -52 -102
 71 -52 -102
 67 -49 -104
 67 -49 -104
 67 -49 -104
 65 -45 -109
 65 -45 -109
 65 -45 -109
 63 -43 -110
 63 -43 -110
 63 -43 -110
 64 -42 -107
 64 -42 -107
 64 -42 -107
 65 -40 -103
 65 -40 -103
 65 -40 -103
 65 -39 -103
 65 -39 -103
 65 -39 -103
 62 -36 -106
 62 -36 -106
 62 -36 -106
 60 -35 -111
 60 -35 -111
 60 -35 -111
 59 -34 -113
 59 -34 -113
 59 -34 -113
 57 -31 -115
 57 -31 -115
 57 -31 -115
 58 -32 -115
 58 -32 -115
 58 -32 -115
 58 -31 -115
 58 -31 -115
 58 -31 -115
 59 -31 -114
 59 -31 -114
 59 -31 -114
 61 -31 -115
 61 -31 -115
 61 -31 -115
 61 -32 -118
 61 -32 -118
 61 -32 -118
 62 -33 -117
 62 -33 -117
 62 -33 -117
 61 -31 -119
 61 -31 -119
 61 -31 -119
 57 -29 -118
 57 -29 -118
 57 -29 -118
 52 -24 -122
 52 -24 -122
 52 -24 -122
 48 -22 -122
 48 -22 -122
 48 -22 -122
 49 -19 -121
 49 -19 -121
 49 -19 -121
 51 -20 -116
 51 -20 -116
 51 -20 -116
 53 -27 -116
 53 -27 -116
 53 -27 -116
 55 -28 -121
 55 -28 -121
 55 -28 -121
 50 -29 -126
 50 -29 -126
 50 -29 -126
 45 -28 -129
 45 -28 -129
 45 -28 -129
 45 -26 -128
 45 -26 -128
 45 -26 -128
 42 -25 -127
 42 -25 -127
 42 -25 -127
 39 -22 -123
 39 -22 -123
 39 -22 -123
 40 -21 -119
 40 -21 -119
 40 -21 -119
 39 -22 -122
 39 -22 -122
 39 -22 -122
 34 -20 -125
 34 -20 -125
 34 -20 -125
 35 -24 -130
 35 -24 -130
 35 -24 -130
 34 -26 -133
 34 -26 -133
 34 -26 -133
 36 -27 -132
 36 -27 -132
 36 -27 -132
 37 -31 -128
 37 -31 -128
 37 -31 -128
 34 -30 -127
 34 -30 -127
 34 -30 -127
 31 -27 -128
 31 -27 -128
 31 -27 -128
 23 -24 -126
 23 -24 -126
 23 -24 -126
 19 -20 -125
 19 -20 -125
 19 -20 -125
 18 -21 -124
 18 -21 -124
 18 -21 -124
 17 -21 -121
 17 -21 -121
 17 -21 -121
 15 -23 -129
 15 -23 -129
 15 -23 -129
 14 -24 -135
 14 -24 -135
 14 -24 -135
 21 -32 -138
 21 -32 -138
 21 -32 -138
 22 -33 -135
 22 -33 -135
 22 -33 -135
 18 -32 -133
 18 -32 -133
 18 -32 -133
 7 -26 -130
 7 -26 -130
 7 -26 -130
 1 -21 -125
 1 -21 -125
 1 -21 -125
 -4 -20 -119
 -4 -20 -119
 -4 -20 -119
 0 -25 -118
 0 -25 -118
 0 -25 -118
 1 -30 -123
 1 -30 -123
 1 -30 -123
 2 -33 -129
 2 -33 -129
 2 -33 -129
 0 -33 -135
 0 -33 -135
 0 -33 -135
 1 -34 -137
 1 -34 -137
 1 -34 -137
 6 -40 -134
 6 -40 -134
 6 -40 -134
 7 -44 -133
 7 -44 -133
 7 -44 -133
 2 -43 -134
 2 -43 -134
 2 -43 -134
 -6 -38 -134
 -6 -38 -134
 -6 -38 -134
 -15 -34 -136
 -15 -34 -136
 -15 -34 -136
 -17 -34 -135
 -17 -34 -135
 -17 -34 -135
 -14 -37 -132
 -14 -37 -132
 -14 -37 -132
 -14 -40 -130
 -14 -40 -130
 -14 -40 -130
 -14 -39 -129
 -14 -39 -129
 -14 -39 -129
 -15 -40 -128
 -15 -40 -128
 -15 -40 -128
 -18 -38 -127
 -18 -38 -127
 -18 -38 -127
 -20 -36 -123
 -20 -36 -123
 -20 -36 -123
 -21 -39 -121
 -21 -39 -121
 -21 -39 -121
 -23 -41 -124
 -23 -41 -124
 -23 -41 -124
 -23 -44 -128
 -23 -44 -128
 -23 -44 -128
 -25 -47 -130
 -25 -47 -130
 -25 -47 -130
 -27 -46 -130
 -27 -46 -130
 -27 -46 -130
 -27 -49 -129
 -27 -49 -129
 -27 -49 -129
 -26 -51 -128
 -26 -51 -128
 -26 -51 -128
 -31 -48 -128
 -31 -48 -128
 -31 -48 -128
 -35 -45 -127
 -35 -45 -127
 -35 -45 -127
 -37 -44 -128
 -37 -44 -128
 -37 -44 -128
 -40 -43 -127
 -40 -43 -127
 -40 -43 -127
 -40 -45 -130
 -40 -45 -130
 -40 -45 -130
 -38 -51 -133
 -38 -51 -133
 -38 -51 -133
 -39 -55 -139
 -39 -55 -139
 -39 -55 -139
 -43 -57 -142
 -43 -57 -142
 -43 -57 -142
 -45 -60 -142
 -45 -60 -142
 -45 -60 -142
 -43 -60 -133
 -43 -60 -133
 -43 -60 -133
 -42 -61 -124
 -42 -61 -124
 -42 -61 -124
 -39 -65 -117
 -39 -65 -117
 -39 -65 -117
 -39 -65 -117
 -40 -69 -117
 -40 -69 -117
 -40 -69 -117
 -44 -67 -112
 -44 -67 -112
 -44 -67 -112
 -50 -64 -104
 -50 -64 -104
 -50 -64 -104
 -54 -62 -98
 -54 -62 -98
 -54 -62 -98
 -57 -60 -87
 -57 -60 -87
 -57 -60 -87
 -56 -63 -83
 -56 -63 -83
 -56 -63 -83
 -58 -68 -83
 -58 -68 -83
 -58 -68 -83
 -62 -69 -83
 -62 -69 -83
 -62 -69 -83
 -59 -72 -85
 -59 -72 -85
 -59 -72 -85
 -58 -75 -83
 -58 -75 -83
 -58 -75 -83
 -51 -81 -81
 -51 -81 -81
 -51 -81 -81
 -52 -83 -78
 -52 -83 -78
 -52 -83 -78
 -53 -83 -68
 -53 -83 -68
 -53 -83 -68
 -54 -80 -60
 -54 -80 -60
 -54 -80 -60
 -55 -83 -48
 -55 -83 -48
 -55 -83 -48
 -56 -82 -45
 -56 -82 -45
 -56 -82 -45
 -59 -82 -43
 -59 -82 -43
 -59 -82 -43
 -62 -85 -42
 -62 -85 -42
 -62 -85 -42
 -65 -86 -36
 -65 -86 -36
 -65 -86 -36
 -67 -85 -30
 -67 -85 -30
 -67 -85 -30
 -69 -85 -19
 -69 -85 -19
 -69 -85 -19
 -67 -88 -13
 -67 -88 -13
 -67 -88 -13
 -65 -93 -5
 -65 -93 -5
 -65 -93 -5
 -62 -99 -3
 -62 -99 -3
 -62 -99 -3
 -52 -112 -7
 -52 -112 -7
 -52 -112 -7
 -43 -121 -14
 -43 -121 -14
 -43 -121 -14
 -46 -120 -15
 -46 -120 -15
 -46 -120 -15
 -54 -109 -15
 -54 -109 -15
 -54 -109 -15
 -62 -101 -12
 -62 -101 -12
 -62 -101 -12
 -67 -98 -4
 -67 -98 -4
 -67 -98 -4
 -64 -104 -9
 -64 -104 -9
 -64 -104 -9
 -67 -103 -5
 -67 -103 -5
 -67 -103 -5
 -68 -100 -2
 -68 -100 -2
 -68 -100 -2
 -67 -101 6
 -67 -101 6
 -67 -101 6
 -60 -107 17
 -60 -107 17
 -60 -107 17
 -48 -119 19
 -48 -119 19
 -48 -119 19
 -51 -117 19
 -51 -117 19
 -51 -117 19
 -53 -116 16
 -53 -116 16
 -53 -116 16
 -57 -116 5
 -57 -116 5
 -57 -116 5
 -65 -111 -2
 -65 -111 -2
 -65 -111 -2
 -74 -101 -8
 -74 -101 -8
 -74 -101 -8
 -80 -91 0
 -80 -91 0
 -80 -91 0
 -84 -87 8
 -84 -87 8
 -84 -87 8
 -81 -86 13
 -81 -86 13
 -81 -86 13
 -63 -98 31
 -63 -98 31
 -63 -98 31
 -52 -112 37
 -52 -112 37
 -52 -112 37
 -51 -113 39
 -51 -113 39
 -51 -113 39
 -57 -109 36
 -57 -109 36
 -57 -109 36
 -70 -98 31
 -70 -98 31
 -70 -98 31
 -85 -85 27
 -85 -85 27
 -85 -85 27
 -94 -73 25
 -94 -73 25
 -94 -73 25
 -94 -63 36
 -94 -63 36
 -94 -63 36
 -65 -80 57
 -65 -80 57
 -65 -80 57
 -32 -110 63
 -32 -110 63
 -32 -110 63
 -6 -134 71
 -6 -134 71
 -6 -134 71
 -4 -143 66
 -4 -143 66
 -4 -143 66
 -22 -129 56
 -22 -129 56
 -22 -129 56
 -42 -112 48
 -42 -112 48
 -42 -112 48
 -58 -100 36
 -58 -100 36
 -58 -100 36
 -70 -86 31
 -70 -86 31
 -70 -86 31
 -78 -78 27
 -78 -78 27
 -78 -78 27
 -78 -76 29
 -78 -76 29
 -78 -76 29
 -68 -75 38
 -68 -75 38
 -68 -75 38
 -55 -81 49
 -55 -81 49
 -55 -81 49
 -35 -91 58
 -35 -91 58
 -35 -91 58
 -20 -104 68
 -20 -104 68
 -20 -104 68
 -19 -108 73
 -19 -108 73
 -19 -108 73
 -29 -102 70
 -29 -102 70
 -29 -102 70
 -35 -96 61
 -35 -96 61
 -35 -96 61
 -44 -87 54
 -44 -87 54
 -44 -87 54
 -50 -73 47
 -50 -73 47
 -50 -73 47
 -52 -59 50
 -52 -59 50
 -52 -59 50
 -32 -71 66
 -32 -71 66
 -32 -71 66
 0 -100 89
 0 -100 89
 0 -100 89
 9 -114 97
 9 -114 97
 9 -114 97
 8 -109 95
 8 -109 95
 8 -109 95
 7 -103 87
 7 -103 87
 7 -103 87
 6 -102 77
 6 -102 77
 6 -102 77
 0 -92 69
 0 -92 69
 0 -92 69
 -13 -78 63
 -13 -78 63
 -13 -78 63
 -17 -66 64
 -17 -66 64
 -17 -66 64
 -9 -65 76
 -9 -65 76
 -9 -65 76
 3 -78 82
 3 -78 82
 3 -78 82
 12 -84 89
 12 -84 89
 12 -84 89
 20 -88 90
 20 -88 90
 20 -88 90
 27 -89 86
 27 -89 86
 27 -89 86
 31 -87 83
 31 -87 83
 31 -87 83
 33 -82 84
 33 -82 84
 33 -82 84
 28 -67 82
 28 -67 82
 28 -67 82
 23 -55 87
 23 -55 87
 23 -55 87
 23 -52 95
 23 -52 95
 23 -52 95
 30 -60 101
 30 -60 101
 30 -60 101
 38 -65 105
 38 -65 105
 38 -65 105
 49 -66 100
 49 -66 100
 49 -66 100
 59 -65 97
 59 -65 97
 59 -65 97
 64 -63 94
 64 -63 94
 64 -63 94
 70 -60 95
 70 -60 95
 70 -60 95
 66 -48 96
 66 -48 96
 66 -48 96
 60 -37 94
 60 -37 94
 60 -37 94
 61 -31 93
 61 -31 93
 61 -31 93
 68 -48 98
 68 -48 98
 68 -48 98
 77 -66 99
 77 -66 99
 77 -66 99
 88 -71 92
 88 -71 92
 88 -71 92
 94 -73 78
 94 -73 78
 94 -73 78
 92 -64 69
 92 -64 69
 92 -64 69
 76 -35 79
 76 -35 79
 76 -35 79
 65 -24 103
 65 -24 103
 65 -24 103
 60 -12 122
 60 -12 122
 60 -12 122
 58 -5 123
 58 -5 123
 58 -5 123
 56 1 109
 56 1 109
 56 1 109
 59 3 83
 59 3 83
 59 3 83
 73 -7 92
 73 -7 92
 73 -7 92
 95 -17 99
 95 -17 99
 95 -17 99
 111 -25 105
 111 -25 105
 111 -25 105
 116 -27 98
 116 -27 98
 116 -27 98
 102 -17 84
 102 -17 84
 102 -17 84
 83 0 59
 83 0 59
 83 0 59
 70 17 31
 70 17 31
 70 17 31
 69 28 20
 69 28 20
 69 28 20
 91 21 56
 91 21 56
 91 21 56
 123 4 82
 123 4 82
 123 4 82
 143 -9 93
 143 -9 93
 143 -9 93
 142 -4 88
 142 -4 88
 142 -4 88
 125 11 76
 125 11 76
 125 11 76
 105 33 60
 105 33 60
 105 33 60
 97 41 65
 97 41 65
 97 41 65
 108 40 72
 108 40 72
 108 40 72
 126 27 60
 126 27 60
 126 27 60
 135 18 49
 135 18 49
 135 18 49
 138 17 41
 138 17 41
 138 17 41
 134 27 32
 134 27 32
 134 27 32
 127 47 33
 127 47 33
 127 47 33
 117 64 46
 117 64 46
 117 64 46
 123 71 61
 123 71 61
 123 71 61
 135 63 82
 135 63 82
 135 63 82
 152 46 89
 152 46 89
 152 46 89
 159 32 91
 159 32 91
 159 32 91
 150 39 82
 150 39 82
 150 39 82
 141 40 65
 141 40 65
 141 40 65
 134 41 43
 134 41 43
 134 41 43
 129 39 18
 129 39 18
 129 39 18
 124 42 1
 124 42 1
 124 42 1
 114 50 -11
 114 50 -11
 114 50 -11
 106 61 -14
 106 61 -14
 106 61 -14
 101 64 -13
 101 64 -13
 101 64 -13
 105 64 -10
 105 64 -10
 105 64 -10
 115 57 -6
 115 57 -6
 115 57 -6
 127 45 -3
 127 45 -3
 127 45 -3
 136 34 -4
 136 34 -4
 136 34 -4
 141 28 -9
 141 28 -9
 141 28 -9
 144 29 -12
 144 29 -12
 144 29 -12
 143 31 -16
 143 31 -16
 143 31 -16
 138 41 -16
 138 41 -16
 138 41 -16
 119 64 -9
 119 64 -9
 119 64 -9
 106 77 -2
 106 77 -2
 106 77 -2
 101 72 -9
 101 72 -9
 101 72 -9
 105 62 -28
 105 62 -28
 105 62 -28
 109 53 -40
 109 53 -40
 109 53 -40
 115 44 -52
 115 44 -52
 115 44 -52
 124 36 -53
 124 36 -53
 124 36 -53
 133 29 -48
 133 29 -48
 133 29 -48
 143 17 -41
 143 17 -41
 143 17 -41
 153 22 -37
 153 22 -37
 153 22 -37
 137 37 -34
 137 37 -34
 137 37 -34
 112 59 -42
 112 59 -42
 112 59 -42
 88 77 -45
 88 77 -45
 88 77 -45
 79 75 -49
 79 75 -49
 79 75 -49
 88 63 -50
 88 63 -50
 88 63 -50
 104 41 -53
 104 41 -53
 104 41 -53
 118 21 -60
 118 21 -60
 118 21 -60
 128 8 -63
 128 8 -63
 128 8 -63
 132 4 -69
 132 4 -69
 132 4 -69
 127 13 -79
 127 13 -79
 127 13 -79
 114 38 -79
 114 38 -79
 114 38 -79
 89 63 -67
 89 63 -67
 89 63 -67
 72 66 -65
 72 66 -65
 72 66 -65
 73 60 -66
 73 60 -66
 73 60 -66
 81 47 -76
 81 47 -76
 81 47 -76
 92 31 -90
 92 31 -90
 92 31 -90
 99 19 -95
 99 19 -95
 99 19 -95
 109 6 -96
 109 6 -96
 109 6 -96
 122 -10 -97
 122 -10 -97
 122 -10 -97
 133 -20 -106
 133 -20 -106
 133 -20 -106
 127 -6 -107
 127 -6 -107
 127 -6 -107
 102 18 -109
 102 18 -109
 102 18 -109
 78 39 -103
 78 39 -103
 78 39 -103
 64 47 -96
 64 47 -96
 64 47 -96
 66 39 -93
 66 39 -93
 66 39 -93
 80 22 -94
 80 22 -94
 80 22 -94
 93 1 -109
 93 1 -109
 93 1 -109
 101 -16 -125
 101 -16 -125
 101 -16 -125
 103 -23 -130
 103 -23 -130
 103 -23 -130
 99 -5 -124
 99 -5 -124
 99 -5 -124
 80 10 -117
 80 10 -117
 80 10 -117
 80 10 -117
 69 19 -115
 69 19 -115
 69 19 -115
 56 31 -101
 56 31 -101
 56 31 -101
 53 24 -99
 53 24 -99
 53 24 -99
 57 7 -111
 57 7 -111
 57 7 -111
 56 -2 -130
 56 -2 -130
 56 -2 -130
 58 -10 -131
 58 -10 -131
 58 -10 -131
 62 -20 -122
 62 -20 -122
 62 -20 -122
 70 -30 -113
 70 -30 -113
 70 -30 -113
 76 -35 -111
 76 -35 -111
 76 -35 -111
 71 -32 -116
 71 -32 -116
 71 -32 -116
 60 -20 -124
 60 -20 -124
 60 -20 -124
 45 0 -128
 45 0 -128
 45 0 -128
 34 7 -139
 34 7 -139
 34 7 -139
 20 13 -138
 20 13 -138
 20 13 -138
 14 11 -126
 14 11 -126
 14 11 -126
 19 -5 -114
 19 -5 -114
 19 -5 -114
 26 -20 -113
 26 -20 -113
 26 -20 -113
 30 -26 -117
 30 -26 -117
 30 -26 -117
 36 -32 -129
 36 -32 -129
 36 -32 -129
 36 -34 -142
 36 -34 -142
 36 -34 -142
 31 -32 -150
 31 -32 -150
 31 -32 -150
 24 -28 -146
 24 -28 -146
 24 -28 -146
 19 -26 -134
 19 -26 -134
 19 -26 -134
 12 -26 -121
 12 -26 -121
 12 -26 -121
 6 -24 -115
 6 -24 -115
 6 -24 -115
 -2 -22 -112
 -2 -22 -112
 -2 -22 -112
 -4 -23 -117
 -4 -23 -117
 -4 -23 -117
 -2 -27 -126
 -2 -27 -126
 -2 -27 -126
 3 -34 -136
 3 -34 -136
 3 -34 -136
 7 -39 -148
 7 -39 -148
 7 -39 -148
 15 -52 -154
 15 -52 -154
 15 -52 -154
 19 -54 -158
 19 -54 -158
 19 -54 -158
 8 -47 -150
 8 -47 -150
 8 -47 -150
 -15 -32 -139
 -15 -32 -139
 -15 -32 -139
 -36 -19 -122
 -36 -19 -122
 -36 -19 -122
 -36 -25 -102
 -36 -25 -102
 -36 -25 -102
 -18 -51 -111
 -18 -51 -111
 -18 -51 -111
 -10 -61 -122
 -10 -61 -122
 -10 -61 -122
 1 -70 -129
 1 -70 -129
 1 -70 -129
 1 -71 -134
 1 -71 -134
 1 -71 -134
 -7 -66 -124
 -7 -66 -124
 -7 -66 -124
 -17 -63 -112
 -17 -63 -112
 -17 -63 -112
 -25 -61 -98
 -25 -61 -98
 -25 -61 -98
 -28 -64 -84
 -28 -64 -84
 -28 -64 -84
 -20 -74 -69
 -20 -74 -69
 -20 -74 -69
 -11 -88 -69
 -11 -88 -69
 -11 -88 -69
 -6 -98 -74
 -6 -98 -74
 -6 -98 -74
 -4 -101 -74
 -4 -101 -74
 -4 -101 -74
 -11 -97 -70
 -11 -97 -70
 -11 -97 -70
 -16 -95 -61
 -16 -95 -61
 -16 -95 -61
 -18 -98 -55
 -18 -98 -55
 -18 -98 -55
 -22 -98 -44
 -22 -98 -44
 -22 -98 -44
 -26 -97 -34
 -26 -97 -34
 -26 -97 -34
 -24 -104 -29
 -24 -104 -29
 -24 -104 -29
 -27 -105 -27
 -27 -105 -27
 -27 -105 -27
 -34 -100 -22
 -34 -100 -22
 -34 -100 -22
 -34 -100 -14
 -34 -100 -14
 -34 -100 -14
 -31 -105 -19
 -31 -105 -19
 -31 -105 -19
 -32 -105 -18
 -32 -105 -18
 -32 -105 -18
 -33 -109 -18
 -33 -109 -18
 -33 -109 -18
 -40 -104 -17
 -40 -104 -17
 -40 -104 -17
 -43 -97 -5
 -43 -97 -5
 -43 -97 -5
 -37 -100 7
 -37 -100 7
 -37 -100 7
 -30 -107 19
 -30 -107 19
 -30 -107 19
 -26 -113 30
 -26 -113 30
 -26 -113 30
 -31 -111 29
 -31 -111 29
 -31 -111 29
 -43 -101 14
 -43 -101 14
 -43 -101 14
 -49 -96 14
 -49 -96 14
 -49 -96 14
 -40 -100 20
 -40 -100 20
 -40 -100 20
 -41 -98 32
 -41 -98 32
 -41 -98 32
 -40 -99 33
 -40 -99 33
 -40 -99 33
 -42 -97 36
 -42 -97 36
 -42 -97 36
 -41 -97 42
 -41 -97 42
 -41 -97 42
 -43 -91 53
 -43 -91 53
 -43 -91 53
 -34 -91 65
 -34 -91 65
 -34 -91 65
 -25 -98 64
 -25 -98 64
 -25 -98 64
 -19 -102 62
 -19 -102 62
 -19 -102 62
 -24 -96 56
 -24 -96 56
 -24 -96 56
 -36 -83 53
 -36 -83 53
 -36 -83 53
 -41 -75 56
 -41 -75 56
 -41 -75 56
 -43 -73 59
 -43 -73 59
 -43 -73 59
 -40 -72 66
 -40 -72 66
 -40 -72 66
 -38 -73 63
 -38 -73 63
 -38 -73 63
 -40 -64 71
 -40 -64 71
 -40 -64 71
 -45 -57 68
 -45 -57 68
 -45 -57 68
 -45 -47 78
 -45 -47 78
 -45 -47 78
 -43 -43 97
 -43 -43 97
 -43 -43 97
 -35 -46 109
 -35 -46 109
 -35 -46 109
 -31 -46 115
 -31 -46 115
 -31 -46 115
 -40 -36 122
 -40 -36 122
 -40 -36 122
 -45 -30 128
 -45 -30 128
 -45 -30 128
 -44 -31 133
 -44 -31 133
 -44 -31 133
 -38 -35 127
 -38 -35 127
 -38 -35 127
 -38 -36 125
 -38 -36 125
 -38 -36 125
 -42 -36 128
 -42 -36 128
 -42 -36 128
 -39 -37 131
 -39 -37 131
 -39 -37 131
 -35 -41 138
 -35 -41 138
 -35 -41 138
 -30 -45 140
 -30 -45 140
 -30 -45 140
 -36 -39 135
 -36 -39 135
 -36 -39 135
 -44 -32 131
 -44 -32 131
 -44 -32 131
 -45 -33 123
 -45 -33 123
 -45 -33 123
 -42 -34 120
 -42 -34 120
 -42 -34 120
 -42 -35 117
 -42 -35 117
 -42 -35 117
 -42 -31 124
 -42 -31 124
 -42 -31 124
 -47 -25 130
 -47 -25 130
 -47 -25 130
 -40 -28 138
 -40 -28 138
 -40 -28 138
 -31 -33 139
 -31 -33 139
 -31 -33 139
 -38 -29 136
 -38 -29 136
 -38 -29 136
 -51 -22 135
 -51 -22 135
 -51 -22 135
 -58 -21 131
 -58 -21 131
 -58 -21 131
 -53 -27 122
 -53 -27 122
 -53 -27 122
 -51 -32 112
 -51 -32 112
 -51 -32 112
 -47 -32 107
 -47 -32 107
 -47 -32 107
 -36 -32 113
 -36 -32 113
 -36 -32 113
 -15 -41 127
 -15 -41 127
 -15 -41 127
 2 -53 132
 2 -53 132
 2 -53 132
 -3 -53 129
 -3 -53 129
 -3 -53 129
 -30 -32 126
 -30 -32 126
 -30 -32 126
 -55 -13 120
 -55 -13 120
 -55 -13 120
 -61 -8 111
 -61 -8 111
 -61 -8 111
 -54 -14 102
 -54 -14 102
 -54 -14 102
 -46 -20 96
 -46 -20 96
 -46 -20 96
 -37 -21 95
 -37 -21 95
 -37 -21 95
 -8 -39 104
 -8 -39 104
 -8 -39 104
 26 -71 103
 26 -71 103
 26 -71 103
 41 -94 98
 41 -94 98
 41 -94 98
 38 -92 93
 38 -92 93
 38 -92 93
 19 -76 85
 19 -76 85
 19 -76 85
 -10 -53 83
 -10 -53 83
 -10 -53 83
 -31 -32 81
 -31 -32 81
 -31 -32 81
 -39 -22 80
 -39 -22 80
 -39 -22 80
 -42 -16 78
 -42 -16 78
 -42 -16 78
 -31 -18 79
 -31 -18 79
 -31 -18 79
 -2 -35 83
 -2 -35 83
 -2 -35 83
 22 -63 83
 22 -63 83
 22 -63 83
 25 -74 76
 25 -74 76
 25 -74 76
 25 -66 73
 25 -66 73
 25 -66 73
 26 -59 75
 26 -59 75
 26 -59 75
 38 -67 86
 38 -67 86
 38 -67 86
 50 -75 86
 50 -75 86
 50 -75 86
 47 -73 85
 47 -73 85
 47 -73 85
 38 -62 82
 38 -62 82
 38 -62 82
 29 -50 79
 29 -50 79
 29 -50 79
 24 -45 77
 24 -45 77
 24 -45 77
 22 -42 74
 22 -42 74
 22 -42 74
 38 -44 90
 38 -44 90
 38 -44 90
 60 -62 96
 60 -62 96
 60 -62 96
 71 -65 98
 71 -65 98
 71 -65 98
 68 -59 101
 68 -59 101
 68 -59 101
 62 -50 95
 62 -50 95
 62 -50 95
 61 -45 89
 61 -45 89
 61 -45 89
 64 -44 95
 64 -44 95
 64 -44 95
 88 -55 106
 88 -55 106
 88 -55 106
 113 -72 111
 113 -72 111
 113 -72 111
 126 -82 114
 126 -82 114
 126 -82 114
 125 -81 115
 125 -81 115
 125 -81 115
 115 -77 105
 115 -77 105
 115 -77 105
 100 -66 92
 100 -66 92
 100 -66 92
 80 -48 73
 80 -48 73
 80 -48 73
 64 -35 54
 64 -35 54
 64 -35 54
 67 -30 46
 67 -30 46
 67 -30 46
 85 -42 48
 85 -42 48
 85 -42 48
 104 -57 45
 104 -57 45
 104 -57 45
 118 -65 43
 118 -65 43
 118 -65 43
 122 -65 40
 122 -65 40
 122 -65 40
 117 -57 37
 117 -57 37
 117 -57 37
 107 -42 39
 107 -42 39
 107 -42 39
 96 -27 42
 96 -27 42
 96 -27 42
 88 -15 44
 88 -15 44
 88 -15 44
 95 -14 38
 95 -14 38
 95 -14 38
 102 -16 31
 102 -16 31
 102 -16 31
 109 -10 34
 109 -10 34
 109 -10 34
 116 -7 39
 116 -7 39
 116 -7 39
 125 -6 39
 125 -6 39
 125 -6 39
 130 -8 38
 130 -8 38
 130 -8 38
 137 -6 38
 137 -6 38
 137 -6 38
 141 -3 35
 141 -3 35
 141 -3 35
 140 5 36
 140 5 36
 140 5 36
 135 15 39
 135 15 39
 135 15 39
 129 19 44
 129 19 44
 129 19 44
 128 22 49
 128 22 49
 128 22 49
 132 19 48
 132 19 48
 132 19 48
 141 6 40
 141 6 40
 141 6 40
 148 -3 31
 148 -3 31
 148 -3 31
 153 -4 24
 153 -4 24
 153 -4 24
 151 5 26
 151 5 26
 151 5 26
 138 25 28
 138 25 28
 138 25 28
 124 47 29
 124 47 29
 124 47 29
 111 60 30
 111 60 30
 111 60 30
 111 63 34
 111 63 34
 111 63 34
 121 60 33
 121 60 33
 121 60 33
 121 60 33
 127 49 29
 127 49 29
 127 49 29
 135 45 24
 135 45 24
 135 45 24
 138 41 14
 138 41 14
 138 41 14
 141 39 12
 141 39 12
 141 39 12
 144 40 12
 144 40 12
 144 40 12
 139 42 9
 139 42 9
 139 42 9
 133 48 14
 133 48 14
 133 48 14
 125 55 6
 125 55 6
 125 55 6
 112 68 1
 112 68 1
 112 68 1
 101 75 -7
 101 75 -7
 101 75 -7
 97 80 -16
 97 80 -16
 97 80 -16
 97 83 -16
 97 83 -16
 97 83 -16
 105 79 -12
 105 79 -12
 105 79 -12
 118 74 0
 118 74 0
 118 74 0
 128 71 7
 128 71 7
 128 71 7
 133 70 3
 133 70 3
 133 70 3
 128 69 -14
 128 69 -14
 128 69 -14
 115 79 -27
 115 79 -27
 115 79 -27
 108 82 -39
 108 82 -39
 108 82 -39
 102 90 -33
 102 90 -33
 102 90 -33
 100 88 -37
 100 88 -37
 100 88 -37
 102 86 -36
 102 86 -36
 102 86 -36
 105 83 -27
 105 83 -27
 105 83 -27
 110 83 -13
 110 83 -13
 110 83 -13
 112 81 -7
 112 81 -7
 112 81 -7
 111 78 -13
 111 78 -13
 111 78 -13
 109 74 -18
 109 74 -18
 109 74 -18
 106 72 -27
 106 72 -27
 106 72 -27
 101 75 -36
 101 75 -36
 101 75 -36
 95 87 -41
 95 87 -41
 95 87 -41
 93 96 -40
 93 96 -40
 93 96 -40
 90 99 -45
 90 99 -45
 90 99 -45
 92 97 -51
 92 97 -51
 92 97 -51
 95 93 -55
 95 93 -55
 95 93 -55
 100 88 -54
 100 88 -54
 100 88 -54
 108 80 -47
 108 80 -47
 108 80 -47
 111 77 -39
 111 77 -39
 111 77 -39
 112 84 -31
 112 84 -31
 112 84 -31
 100 95 -23
 100 95 -23
 100 95 -23
 89 101 -27
 89 101 -27
 89 101 -27
 80 105 -35
 80 105 -35
 80 105 -35
 75 100 -43
 75 100 -43
 75 100 -43
 77 93 -53
 77 93 -53
 77 93 -53
 84 81 -56
 84 81 -56
 84 81 -56
 94 71 -61
 94 71 -61
 94 71 -61
 103 64 -64
 103 64 -64
 103 64 -64
 108 63 -63
 108 63 -63
 108 63 -63
 108 72 -63
 108 72 -63
 108 72 -63
 99 99 -60
 99 99 -60
 99 99 -60
 68 124 -42
 68 124 -42
 68 124 -42
 57 125 -41
 57 125 -41
 57 125 -41
 56 111 -48
 56 111 -48
 56 111 -48
 64 91 -60
 64 91 -60
 64 91 -60
 78 76 -70
 78 76 -70
 78 76 -70
 90 62 -73
 90 62 -73
 90 62 -73
 103 48 -68
 103 48 -68
 103 48 -68
 114 42 -66
 114 42 -66
 114 42 -66
 121 47 -62
 121 47 -62
 121 47 -62
 110 60 -69
 110 60 -69
 110 60 -69
 95 76 -76
 95 76 -76
 95 76 -76
 74 90 -78
 74 90 -78
 74 90 -78
 62 95 -87
 62 95 -87
 62 95 -87
 61 92 -93
 61 92 -93
 61 92 -93
 72 74 -95
 72 74 -95
 72 74 -95
 86 55 -92
 86 55 -92
 86 55 -92
 105 38 -90
 105 38 -90
 105 38 -90
 113 45 -88
 113 45 -88
 113 45 -88
 98 59 -78
 98 59 -78
 98 59 -78
 84 65 -74
 84 65 -74
 84 65 -74
 78 65 -81
 78 65 -81
 78 65 -81
 75 59 -86
 75 59 -86
 75 59 -86
 83 43 -92
 83 43 -92
 83 43 -92
 93 29 -100
 93 29 -100
 93 29 -100
 94 25 -100
 94 25 -100
 94 25 -100
 94 28 -98
 94 28 -98
 94 28 -98
 95 37 -94
 95 37 -94
 95 37 -94
 79 63 -74
 79 63 -74
 79 63 -74
 67 67 -63
 67 67 -63
 67 67 -63
 72 53 -69
 72 53 -69
 72 53 -69
 89 31 -85
 89 31 -85
 89 31 -85
 102 13 -108
 102 13 -108
 102 13 -108
 110 7 -124
 110 7 -124
 110 7 -124
 109 12 -125
 109 12 -125
 109 12 -125
 107 24 -121
 107 24 -121
 107 24 -121
 89 56 -101
 89 56 -101
 89 56 -101
 71 63 -78
 71 63 -78
 71 63 -78
 67 51 -71
 67 51 -71
 67 51 -71
 70 38 -77
 70 38 -77
 70 38 -77
 78 23 -92
 78 23 -92
 78 23 -92
 83 11 -110
 83 11 -110
 83 11 -110
 87 4 -120
 87 4 -120
 87 4 -120
 87 4 -122
 87 4 -122
 87 4 -122
 80 11 -118
 80 11 -118
 80 11 -118
 76 19 -120
 76 19 -120
 76 19 -120
 71 25 -115
 71 25 -115
 71 25 -115
 70 25 -110
 70 25 -110
 70 25 -110
 68 25 -104
 68 25 -104
 68 25 -104
 67 23 -106
 67 23 -106
 67 23 -106
 71 8 -116
 71 8 -116
 71 8 -116
 78 0 -128
 78 0 -128
 78 0 -128
 78 -2 -135
 78 -2 -135
 78 -2 -135
 74 1 -140
 74 1 -140
 74 1 -140
 64 7 -141
 64 7 -141
 64 7 -141
 53 12 -130
 53 12 -130
 53 12 -130
 46 13 -111
 46 13 -111
 46 13 -111
 45 8 -103
 45 8 -103
 45 8 -103
 42 2 -108
 42 2 -108
 42 2 -108
 42 -3 -125
 42 -3 -125
 42 -3 -125
 49 -10 -140
 49 -10 -140
 49 -10 -140
 57 -18 -156
 57 -18 -156
 57 -18 -156
 58 -22 -159
 58 -22 -159
 58 -22 -159
 52 -18 -145
 52 -18 -145
 52 -18 -145
 40 -6 -130
 40 -6 -130
 40 -6 -130
 18 9 -110
 18 9 -110
 18 9 -110
 20 -4 -110
 20 -4 -110
 20 -4 -110
 12 -8 -121
 12 -8 -121
 12 -8 -121
 16 -19 -134
 16 -19 -134
 16 -19 -134
 22 -20 -148
 22 -20 -148
 22 -20 -148
 26 -20 -156
 26 -20 -156
 26 -20 -156
 23 -16 -149
 23 -16 -149
 23 -16 -149
 18 -14 -133
 18 -14 -133
 18 -14 -133
 15 -11 -111
 15 -11 -111
 15 -11 -111
 10 -10 -100
 10 -10 -100
 10 -10 -100
 10 -16 -103
 10 -16 -103
 10 -16 -103
 7 -21 -119
 7 -21 -119
 7 -21 -119
 2 -19 -129
 2 -19 -129
 2 -19 -129
 6 -22 -143
 6 -22 -143
 6 -22 -143
 1 -18 -152
 1 -18 -152
 1 -18 -152
 -4 -12 -148
 -4 -12 -148
 -4 -12 -148
 -10 -12 -131
 -10 -12 -131
 -10 -12 -131
 -20 -6 -114
 -20 -6 -114
 -20 -6 -114
 -26 0 -100
 -26 0 -100
 -26 0 -100
 -27 -4 -98
 -27 -4 -98
 -27 -4 -98
 -20 -10 -95
 -20 -10 -95
 -20 -10 -95
 -11 -18 -102
 -11 -18 -102
 -11 -18 -102
 -34 7 -137
 -34 7 -137
 -34 7 -137
 -46 20 -158
 -46 20 -158
 -46 20 -158
 -36 6 -167
 -36 6 -167
 -36 6 -167
 -20 -9 -163
 -20 -9 -163
 -20 -9 -163
 -21 -5 -153
 -21 -5 -153
 -21 -5 -153
 -36 9 -137
 -36 9 -137
 -36 9 -137
 -42 14 -117
 -42 14 -117
 -42 14 -117
 -38 13 -99
 -38 13 -99
 -38 13 -99
 -24 -2 -89
 -24 -2 -89
 -24 -2 -89
 -26 4 -88
 -26 4 -88
 -26 4 -88
 -43 27 -102
 -43 27 -102
 -43 27 -102
 -61 46 -114
 -61 46 -114
 -61 46 -114
 -61 43 -124
 -61 43 -124
 -61 43 -124
 -47 28 -131
 -47 28 -131
 -47 28 -131
 -37 15 -134
 -37 15 -134
 -37 15 -134
 -34 11 -134
 -34 11 -134
 -34 11 -134
 -34 9 -127
 -34 9 -127
 -34 9 -127
 -30 5 -116
 -30 5 -116
 -30 5 -116
 -29 4 -112
 -29 4 -112
 -29 4 -112
 -27 5 -110
 -27 5 -110
 -27 5 -110
 -31 11 -116
 -31 11 -116
 -31 11 -116
 -39 23 -124
 -39 23 -124
 -39 23 -124
 -44 30 -125
 -44 30 -125
 -44 30 -125
 -39 30 -122
 -39 30 -122
 -39 30 -122
 -36 32 -126
 -36 32 -126
 -36 32 -126
 -42 39 -128
 -42 39 -128
 -42 39 -128
 -45 45 -120
 -45 45 -120
 -45 45 -120
 -44 45 -109
 -44 45 -109
 -44 45 -109
 -47 46 -104
 -47 46 -104
 -47 46 -104
 -46 47 -100
 -46 47 -100
 -46 47 -100
 -39 45 -99
 -39 45 -99
 -39 45 -99
 -28 35 -104
 -28 35 -104
 -28 35 -104
 -23 34 -115
 -23 34 -115
 -23 34 -115
 -30 41 -126
 -30 41 -126
 -30 41 -126
 -32 42 -129
 -32 42 -129
 -32 42 -129
 -29 40 -127
 -29 40 -127
 -29 40 -127
 -27 40 -121
 -27 40 -121
 -27 40 -121
 -29 44 -111
 -29 44 -111
 -29 44 -111
 -32 55 -106
 -32 55 -106
 -32 55 -106
 -34 62 -102
 -34 62 -102
 -34 62 -102
 -33 62 -103
 -33 62 -103
 -33 62 -103
 -28 62 -102
 -28 62 -102
 -28 62 -102
 -20 62 -103
 -20 62 -103
 -20 62 -103
 -26 73 -110
 -26 73 -110
 -26 73 -110
 -33 82 -115
 -33 82 -115
 -33 82 -115
 -30 83 -115
 -30 83 -115
 -30 83 -115
 -23 74 -111
 -23 74 -111
 -23 74 -111
 -17 68 -111
 -17 68 -111
 -17 68 -111
 -17 68 -111
 -17 68 -106
 -17 68 -106
 -17 68 -106
 -16 70 -100
 -16 70 -100
 -16 70 -100
 -16 69 -98
 -16 69 -98
 -16 69 -98
 -14 69 -92
 -14 69 -92
 -14 69 -92
 -15 73 -85
 -15 73 -85
 -15 73 -85
 -8 73 -78
 -8 73 -78
 -8 73 -78
 -6 75 -77
 -6 75 -77
 -6 75 -77
 -3 79 -77
 -3 79 -77
 -3 79 -77
 0 78 -77
 0 78 -77
 0 78 -77
 -2 84 -75
 -2 84 -75
 -2 84 -75
 -5 87 -73
 -5 87 -73
 -5 87 -73
 -3 87 -70
 -3 87 -70
 -3 87 -70
 0 86 -67
 0 86 -67
 0 86 -67
 5 86 -69
 5 86 -69
 5 86 -69
 10 83 -70
 10 83 -70
 10 83 -70
 15 84 -76
 15 84 -76
 15 84 -76
 16 88 -75
 16 88 -75
 16 88 -75
 11 98 -80
 11 98 -80
 11 98 -80
 3 106 -76
 3 106 -76
 3 106 -76
 6 110 -77
 6 110 -77
 6 110 -77
 11 106 -75
 11 106 -75
 11 106 -75
 23 98 -73
 23 98 -73
 23 98 -73
 31 91 -72
 31 91 -72
 31 91 -72
 31 89 -75
 31 89 -75
 31 89 -75
 31 90 -75
 31 90 -75
 31 90 -75
 28 89 -76
 28 89 -76
 28 89 -76
 31 84 -74
 31 84 -74
 31 84 -74
 43 74 -67
 43 74 -67
 43 74 -67
 54 72 -62
 54 72 -62
 54 72 -62
 52 87 -57
 52 87 -57
 52 87 -57
 42 107 -56
 42 107 -56
 42 107 -56
 31 121 -57
 31 121 -57
 31 121 -57
 26 130 -63
 26 130 -63
 26 130 -63
 27 130 -73
 27 130 -73
 27 130 -73
 27 131 -82
 27 131 -82
 27 131 -82
 37 121 -91
 37 121 -91
 37 121 -91
 51 106 -92
 51 106 -92
 51 106 -92
 62 93 -85
 62 93 -85
 62 93 -85
 69 85 -70
 69 85 -70
 69 85 -70
 65 88 -57
 65 88 -57
 65 88 -57
 59 95 -43
 59 95 -43
 59 95 -43
 52 102 -29
 52 102 -29
 52 102 -29
 49 105 -22
 49 105 -22
 49 105 -22
 52 105 -20
 52 105 -20
 52 105 -20
 55 109 -21
 55 109 -21
 55 109 -21
 60 114 -23
 60 114 -23
 60 114 -23
 64 116 -36
 64 116 -36
 64 116 -36
 64 118 -50
 64 118 -50
 64 118 -50
 62 123 -63
 62 123 -63
 62 123 -63
 60 125 -69
 60 125 -69
 60 125 -69
 57 128 -65
 57 128 -65
 57 128 -65
 55 130 -58
 55 130 -58
 55 130 -58
 55 128 -47
 55 128 -47
 55 128 -47
 57 126 -39
 57 126 -39
 57 126 -39
 65 119 -31
 65 119 -31
 65 119 -31
 71 113 -30
 71 113 -30
 71 113 -30
 78 108 -29
 78 108 -29
 78 108 -29
 77 110 -30
 77 110 -30
 77 110 -30
 71 114 -33
 71 114 -33
 71 114 -33
 66 119 -32
 66 119 -32
 66 119 -32
 63 120 -31
 63 120 -31
 63 120 -31
 66 114 -30
 66 114 -30
 66 114 -30
 66 111 -31
 66 111 -31
 66 111 -31
 67 114 -29
 67 114 -29
 67 114 -29
 63 117 -26
 63 117 -26
 63 117 -26
 63 121 -24
 63 121 -24
 63 121 -24
 62 123 -26
 62 123 -26
 62 123 -26
 66 120 -30
 66 120 -30
 66 120 -30
 69 117 -37
 69 117 -37
 69 117 -37
 68 114 -43
 68 114 -43
 68 114 -43
 66 114 -51
 66 114 -51
 66 114 -51
 63 116 -53
 63 116 -53
 63 116 -53
 61 117 -55
 61 117 -55
 61 117 -55
 59 117 -58
 59 117 -58
 59 117 -58
 64 113 -58
 64 113 -58
 64 113 -58
 69 109 -59
 69 109 -59
 69 109 -59
 68 109 -55
 68 109 -55
 68 109 -55
 66 112 -45
 66 112 -45
 66 112 -45
 67 111 -40
 67 111 -40
 67 111 -40
 69 106 -38
 69 106 -38
 69 106 -38
 68 102 -39
 68 102 -39
 68 102 -39
 70 97 -46
 70 97 -46
 70 97 -46
 71 96 -61
 71 96 -61
 71 96 -61
 73 99 -74
 73 99 -74
 73 99 -74
 70 105 -71
 70 105 -71
 70 105 -71
 70 112 -59
 70 112 -59
 70 112 -59
 69 114 -48
 69 114 -48
 69 114 -48
 65 113 -42
 65 113 -42
 65 113 -42
 64 110 -42
 64 110 -42
 64 110 -42
 56 106 -50
 56 106 -50
 56 106 -50
 52 109 -66
 52 109 -66
 52 109 -66
 49 109 -82
 49 109 -82
 49 109 -82
 50 104 -95
 50 104 -95
 50 104 -95
 53 101 -101
 53 101 -101
 53 101 -101
 60 95 -101
 60 95 -101
 60 95 -101
 67 87 -101
 67 87 -101
 67 87 -101
 67 84 -101
 67 84 -101
 67 84 -101
 60 91 -107
 60 91 -107
 60 91 -107
 51 97 -108
 51 97 -108
 51 97 -108
 50 94 -102
 50 94 -102
 50 94 -102
 57 84 -92
 57 84 -92
 57 84 -92
 62 71 -82
 62 71 -82
 62 71 -82
 58 68 -82
 58 68 -82
 58 68 -82
 57 62 -92
 57 62 -92
 57 62 -92
 57 51 -107
 57 51 -107
 57 51 -107
 52 55 -131
 52 55 -131
 52 55 -131
 42 63 -149
 42 63 -149
 42 63 -149
 42 64 -146
 42 64 -146
 42 64 -146
 49 50 -133
 49 50 -133
 49 50 -133
 50 37 -123
 50 37 -123
 50 37 -123
 46 33 -113
 46 33 -113
 46 33 -113
 34 33 -107
 34 33 -107
 34 33 -107
 23 37 -109
 23 37 -109
 23 37 -109
 16 38 -122
 16 38 -122
 16 38 -122
 15 34 -131
 15 34 -131
 15 34 -131
 28 18 -131
 28 18 -131
 28 18 -131
 32 8 -128
 32 8 -128
 32 8 -128
 30 4 -118
 30 4 -118
 30 4 -118
 21 5 -105
 21 5 -105
 21 5 -105
 9 11 -95
 9 11 -95
 9 11 -95
 0 16 -94
 0 16 -94
 0 16 -94
 -5 13 -104
 -5 13 -104
 -5 13 -104
 -2 3 -123
 -2 3 -123
 -2 3 -123
 8 -11 -140
 8 -11 -140
 8 -11 -140
 14 -22 -148
 14 -22 -148
 14 -22 -148
 13 -27 -149
 13 -27 -149
 13 -27 -149
 6 -24 -142
 6 -24 -142
 6 -24 -142
 -3 -18 -134
 -3 -18 -134
 -3 -18 -134
 -9 -16 -131
 -9 -16 -131
 -9 -16 -131
 -9 -19 -131
 -9 -19 -131
 -9 -19 -131
 -7 -27 -128
 -7 -27 -128
 -7 -27 -128
 -9 -35 -124
 -9 -35 -124
 -9 -35 -124
 -12 -42 -116
 -12 -42 -116
 -12 -42 -116
 -16 -45 -107
 -16 -45 -107
 -16 -45 -107
 -22 -44 -101
 -22 -44 -101
 -22 -44 -101
 -24 -44 -95
 -24 -44 -95
 -24 -44 -95
 -24 -44 -97
 -24 -44 -97
 -24 -44 -97
 -24 -44 -108
 -24 -44 -108
 -24 -44 -108
 -16 -55 -117
 -16 -55 -117
 -16 -55 -117
 -10 -65 -122
 -10 -65 -122
 -10 -65 -122
 -11 -70 -126
 -11 -70 -126
 -11 -70 -126
 -19 -65 -123
 -19 -65 -123
 -19 -65 -123
 -26 -63 -115
 -26 -63 -115
 -26 -63 -115
 -28 -65 -107
 -28 -65 -107
 -28 -65 -107
 -28 -65 -97
 -28 -65 -97
 -28 -65 -97
 -30 -65 -94
 -30 -65 -94
 -30 -65 -94
 -31 -66 -99
 -31 -66 -99
 -31 -66 -99
 -27 -70 -103
 -27 -70 -103
 -27 -70 -103
 -21 -77 -103
 -21 -77 -103
 -21 -77 -103
 -15 -85 -98
 -15 -85 -98
 -15 -85 -98
 -12 -94 -90
 -12 -94 -90
 -12 -94 -90
 -18 -90 -83
 -18 -90 -83
 -18 -90 -83
 -24 -86 -75
 -24 -86 -75
 -24 -86 -75
 -25 -90 -75
 -25 -90 -75
 -25 -90 -75
 -28 -91 -74
 -28 -91 -74
 -28 -91 -74
 -26 -95 -72
 -26 -95 -72
 -26 -95 -72
 -18 -105 -69
 -18 -105 -69
 -18 -105 -69
 -12 -113 -66
 -12 -113 -66
 -12 -113 -66
 -10 -115 -58
 -10 -115 -58
 -10 -115 -58
 -11 -115 -53
 -11 -115 -53
 -11 -115 -53
 -14 -114 -45
 -14 -114 -45
 -14 -114 -45
 -17 -112 -34
 -17 -112 -34
 -17 -112 -34
 -23 -110 -23
 -23 -110 -23
 -23 -110 -23
 -27 -108 -16
 -27 -108 -16
 -27 -108 -16
 -27 -109 -15
 -27 -109 -15
 -27 -109 -15
 -25 -112 -11
 -25 -112 -11
 -25 -112 -11
 -19 -118 -9
 -19 -118 -9
 -19 -118 -9
 -16 -124 -15
 -16 -124 -15
 -16 -124 -15
 -15 -126 -17
 -15 -126 -17
 -15 -126 -17
 -13 -125 -17
 -13 -125 -17
 -13 -125 -17
 -13 -125 -17
 -20 -117 -13
 -20 -117 -13
 -20 -117 -13
 -25 -108 -4
 -25 -108 -4
 -25 -108 -4
 -24 -107 10
 -24 -107 10
 -24 -107 10
 -17 -111 21
 -17 -111 21
 -17 -111 21
 -18 -109 32
 -18 -109 32
 -18 -109 32
 -20 -106 42
 -20 -106 42
 -20 -106 42
 -16 -108 47
 -16 -108 47
 -16 -108 47
 -21 -105 49
 -21 -105 49
 -21 -105 49
 -13 -107 48
 -13 -107 48
 -13 -107 48
 -15 -109 44
 -15 -109 44
 -15 -109 44
 -18 -105 47
 -18 -105 47
 -18 -105 47
 -16 -107 47
 -16 -107 47
 -16 -107 47
 -12 -110 42
 -12 -110 42
 -12 -110 42
 -12 -104 37
 -12 -104 37
 -12 -104 37
 -11 -97 39
 -11 -97 39
 -11 -97 39
 -13 -91 51
 -13 -91 51
 -13 -91 51
 -20 -79 63
 -20 -79 63
 -20 -79 63
 -26 -71 68
 -26 -71 68
 -26 -71 68
 -28 -67 76
 -28 -67 76
 -28 -67 76
 -25 -69 86
 -25 -69 86
 -25 -69 86
 -22 -70 85
 -22 -70 85
 -22 -70 85
 -20 -70 83
 -20 -70 83
 -20 -70 83
 -16 -72 81
 -16 -72 81
 -16 -72 81
 -13 -74 67
 -13 -74 67
 -13 -74 67
 -11 -74 70
 -11 -74 70
 -11 -74 70
 -8 -73 78
 -8 -73 78
 -8 -73 78
 -13 -64 93
 -13 -64 93
 -13 -64 93
 -25 -47 114
 -25 -47 114
 -25 -47 114
 -31 -39 127
 -31 -39 127
 -31 -39 127
 -28 -45 129
 -28 -45 129
 -28 -45 129
 -24 -55 128
 -24 -55 128
 -24 -55 128
 -11 -65 115
 -11 -65 115
 -11 -65 115
 -10 -70 109
 -10 -70 109
 -10 -70 109
 -16 -65 111
 -16 -65 111
 -16 -65 111
 -21 -60 116
 -21 -60 116
 -21 -60 116
 -28 -54 117
 -28 -54 117
 -28 -54 117
 -31 -46 115
 -31 -46 115
 -31 -46 115
 -20 -56 113
 -20 -56 113
 -20 -56 113
 -15 -61 114
 -15 -61 114
 -15 -61 114
 -16 -51 111
 -16 -51 111
 -16 -51 111
 -25 -40 116
 -25 -40 116
 -25 -40 116
 -31 -32 120
 -31 -32 120
 -31 -32 120
 -36 -27 131
 -36 -27 131
 -36 -27 131
 -47 -15 142
 -47 -15 142
 -47 -15 142
 -57 -8 145
 -57 -8 145
 -57 -8 145
 -55 -12 143
 -55 -12 143
 -55 -12 143
 -50 -16 141
 -50 -16 141
 -50 -16 141
 -44 -27 135
 -44 -27 135
 -44 -27 135
 -42 -32 131
 -42 -32 131
 -42 -32 131
 -44 -29 128
 -44 -29 128
 -44 -29 128
 -45 -28 128
 -45 -28 128
 -45 -28 128
 -40 -33 124
 -40 -33 124
 -40 -33 124
 -40 -33 127
 -40 -33 127
 -40 -33 127
 -42 -33 129
 -42 -33 129
 -42 -33 129
 -47 -28 132
 -47 -28 132
 -47 -28 132
 -48 -25 136
 -48 -25 136
 -48 -25 136
 -49 -25 142
 -49 -25 142
 -49 -25 142
 -50 -23 139
 -50 -23 139
 -50 -23 139
 -52 -21 136
 -52 -21 136
 -52 -21 136
 -52 -15 131
 -52 -15 131
 -52 -15 131
 -55 -9 127
 -55 -9 127
 -55 -9 127
 -63 -2 126
 -63 -2 126
 -63 -2 126
 -64 0 131
 -64 0 131
 -64 0 131
 -59 -8 138
 -59 -8 138
 -59 -8 138
 -58 -15 141
 -58 -15 141
 -58 -15 141
 -59 -16 147
 -59 -16 147
 -59 -16 147
 -60 -19 145
 -60 -19 145
 -60 -19 145
 -60 -24 140
 -60 -24 140
 -60 -24 140
 -54 -31 132
 -54 -31 132
 -54 -31 132
 -48 -37 123
 -48 -37 123
 -48 -37 123
 -44 -41 118
 -44 -41 118
 -44 -41 118
 -43 -41 112
 -43 -41 112
 -43 -41 112
 -47 -38 107
 -47 -38 107
 -47 -38 107
 -47 -37 104
 -47 -37 104
 -47 -37 104
 -51 -37 103
 -51 -37 103
 -51 -37 103
 -51 -39 102
 -51 -39 102
 -51 -39 102
 -49 -42 102
 -49 -42 102
 -49 -42 102
 -45 -50 103
 -45 -50 103
 -45 -50 103
 -45 -53 99
 -45 -53 99
 -45 -53 99
 -48 -53 96
 -48 -53 96
 -48 -53 96
 -50 -54 95
 -50 -54 95
 -50 -54 95
 -52 -54 93
 -52 -54 93
 -52 -54 93
 -51 -55 92
 -51 -55 92
 -51 -55 92
 -45 -66 89
 -45 -66 89
 -45 -66 89
 -36 -75 85
 -36 -75 85
 -36 -75 85
 -30 -82 79
 -30 -82 79
 -30 -82 79
 -32 -83 72
 -32 -83 72
 -32 -83 72
 -37 -81 65
 -37 -81 65
 -37 -81 65
 -41 -82 58
 -41 -82 58
 -41 -82 58
 -37 -83 46
 -37 -83 46
 -37 -83 46
 -35 -87 41
 -35 -87 41
 -35 -87 41
 -34 -86 38
 -34 -86 38
 -34 -86 38
 -35 -89 37
 -35 -89 37
 -35 -89 37
 -29 -99 30
 -29 -99 30
 -29 -99 30
 -20 -110 21
 -20 -110 21
 -20 -110 21
 -15 -118 9
 -15 -118 9
 -15 -118 9
 -20 -116 0
 -20 -116 0
 -20 -116 0
 -23 -110 -10
 -23 -110 -10
 -23 -110 -10
 -31 -101 -19
 -31 -101 -19
 -31 -101 -19
 -41 -91 -27
 -41 -91 -27
 -41 -91 -27
 -43 -85 -29
 -43 -85 -29
 -43 -85 -29
 -34 -89 -28
 -34 -89 -28
 -34 -89 -28
 -17 -102 -27
 -17 -102 -27
 -17 -102 -27
 -3 -111 -32
 -3 -111 -32
 -3 -111 -32
 -3 -113 -40
 -3 -113 -40
 -3 -113 -40
 -10 -109 -53
 -10 -109 -53
 -10 -109 -53
 -15 -106 -61
 -15 -106 -61
 -15 -106 -61
 -16 -106 -67
 -16 -106 -67
 -16 -106 -67
 -17 -104 -71
 -17 -104 -71
 -17 -104 -71
 -30 -90 -71
 -30 -90 -71
 -30 -90 -71
 -37 -75 -72
 -37 -75 -72
 -37 -75 -72
 -34 -73 -71
 -34 -73 -71
 -34 -73 -71
 -17 -85 -74
 -17 -85 -74
 -17 -85 -74
 -7 -92 -83
 -7 -92 -83
 -7 -92 -83
 -8 -88 -88
 -8 -88 -88
 -8 -88 -88
 -15 -80 -98
 -15 -80 -98
 -15 -80 -98
 -18 -74 -105
 -18 -74 -105
 -18 -74 -105
 -19 -73 -109
 -19 -73 -109
 -19 -73 -109
 -20 -67 -110
 -20 -67 -110
 -20 -67 -110
 -23 -62 -108
 -23 -62 -108
 -23 -62 -108
 -22 -61 -109
 -22 -61 -109
 -22 -61 -109
 -16 -65 -115
 -16 -65 -115
 -16 -65 -115
 -17 -68 -124
 -17 -68 -124
 -17 -68 -124
 -19 -66 -130
 -19 -66 -130
 -19 -66 -130
 -26 -57 -136
 -26 -57 -136
 -26 -57 -136
 -29 -55 -142
 -29 -55 -142
 -29 -55 -142
 -35 -48 -145
 -35 -48 -145
 -35 -48 -145
 -43 -35 -144
 -43 -35 -144
 -43 -35 -144
 -37 -36 -145
 -37 -36 -145
 -37 -36 -145
 -24 -48 -147
 -24 -48 -147
 -24 -48 -147
 -12 -54 -148
 -12 -54 -148
 -12 -54 -148
 -13 -53 -145
 -13 -53 -145
 -13 -53 -145
 -18 -50 -142
 -18 -50 -142
 -18 -50 -142
 -25 -45 -133
 -25 -45 -133
 -25 -45 -133
 -30 -44 -126
 -30 -44 -126
 -30 -44 -126
 -34 -43 -123
 -34 -43 -123
 -34 -43 -123
 -37 -41 -118
 -37 -41 -118
 -37 -41 -118
 -40 -42 -120
 -40 -42 -120
 -40 -42 -120
 -42 -40 -123
 -42 -40 -123
 -42 -40 -123
 -43 -39 -123
 -43 -39 -123
 -43 -39 -123
 -41 -37 -121
 -41 -37 -121
 -41 -37 -121
 -39 -34 -121
 -39 -34 -121
 -39 -34 -121
 -37 -33 -116
 -37 -33 -116
 -37 -33 -116
 -27 -37 -108
 -27 -37 -108
 -27 -37 -108
 -17 -44 -106
 -17 -44 -106
 -17 -44 -106
 -10 -46 -106
 -10 -46 -106
 -10 -46 -106
 -14 -40 -101
 -14 -40 -101
 -14 -40 -101
 -16 -39 -112
 -16 -39 -112
 -16 -39 -112
 -19 -30 -132
 -19 -30 -132
 -19 -30 -132
 -18 -25 -148
 -18 -25 -148
 -18 -25 -148
 -11 -29 -151
 -11 -29 -151
 -11 -29 -151
 1 -34 -144
 1 -34 -144
 1 -34 -144
 13 -36 -128
 13 -36 -128
 13 -36 -128
 24 -44 -117
 24 -44 -117
 24 -44 -117
 30 -48 -107
 30 -48 -107
 30 -48 -107
 39 -55 -97
 39 -55 -97
 39 -55 -97
 43 -64 -94
 43 -64 -94
 43 -64 -94
 33 -54 -115
 33 -54 -115
 33 -54 -115
 16 -30 -139
 16 -30 -139
 16 -30 -139
 11 -22 -145
 11 -22 -145
 11 -22 -145
 29 -30 -140
 29 -30 -140
 29 -30 -140
 45 -39 -129
 45 -39 -129
 45 -39 -129
 55 -40 -121
 55 -40 -121
 55 -40 -121
 58 -41 -113
 58 -41 -113
 58 -41 -113
 58 -44 -106
 58 -44 -106
 58 -44 -106
 57 -40 -94
 57 -40 -94
 57 -40 -94
 57 -40 -83
 57 -40 -83
 57 -40 -83
 54 -35 -85
 54 -35 -85
 54 -35 -85
 50 -27 -104
 50 -27 -104
 50 -27 -104
 53 -25 -117
 53 -25 -117
 53 -25 -117
 64 -31 -120
 64 -31 -120
 64 -31 -120
 82 -37 -114
 82 -37 -114
 82 -37 -114
 97 -46 -104
 97 -46 -104
 97 -46 -104
 97 -46 -104
 103 -54 -101
 103 -54 -101
 103 -54 -101
 101 -50 -96
 101 -50 -96
 101 -50 -96
 96 -47 -90
 96 -47 -90
 96 -47 -90
 100 -49 -86
 100 -49 -86
 100 -49 -86
 99 -51 -89
 99 -51 -89
 99 -51 -89
 95 -43 -85
 95 -43 -85
 95 -43 -85
 91 -32 -81
 91 -32 -81
 91 -32 -81
 95 -31 -71
 95 -31 -71
 95 -31 -71
 105 -39 -64
 105 -39 -64
 105 -39 -64
 114 -46 -68
 114 -46 -68
 114 -46 -68
 119 -52 -68
 119 -52 -68
 119 -52 -68
 120 -58 -73
 120 -58 -73
 120 -58 -73
 123 -55 -74
 123 -55 -74
 123 -55 -74
 117 -48 -72
 117 -48 -72
 117 -48 -72
 108 -39 -63
 108 -39 -63
 108 -39 -63
 100 -26 -52
 100 -26 -52
 100 -26 -52
 92 -22 -41
 92 -22 -41
 92 -22 -41
 93 -17 -30
 93 -17 -30
 93 -17 -30
 98 -20 -19
 98 -20 -19
 98 -20 -19
 108 -31 -13
 108 -31 -13
 108 -31 -13
 124 -46 -9
 124 -46 -9
 124 -46 -9
 137 -58 -10
 137 -58 -10
 137 -58 -10
 141 -60 -8
 141 -60 -8
 141 -60 -8
 141 -56 -4
 141 -56 -4
 141 -56 -4
 136 -48 2
 136 -48 2
 136 -48 2
 127 -37 8
 127 -37 8
 127 -37 8
 116 -24 8
 116 -24 8
 116 -24 8
 108 -22 16
 108 -22 16
 108 -22 16
 109 -21 26
 109 -21 26
 109 -21 26
 115 -28 26
 115 -28 26
 115 -28 26
 121 -40 27
 121 -40 27
 121 -40 27
 122 -39 26
 122 -39 26
 122 -39 26
 118 -37 29
 118 -37 29
 118 -37 29
 113 -34 36
 113 -34 36
 113 -34 36
 107 -28 48
 107 -28 48
 107 -28 48
 110 -27 56
 110 -27 56
 110 -27 56
 115 -31 59
 115 -31 59
 115 -31 59
 118 -33 65
 118 -33 65
 118 -33 65
 121 -36 70
 121 -36 70
 121 -36 70
 124 -37 74
 124 -37 74
 124 -37 74
 120 -42 73
 120 -42 73
 120 -42 73
 112 -36 75
 112 -36 75
 112 -36 75
 104 -28 72
 104 -28 72
 104 -28 72
 99 -21 72
 99 -21 72
 99 -21 72
 89 -19 77
 89 -19 77
 89 -19 77
 83 -18 78
 83 -18 78
 83 -18 78
 87 -18 83
 87 -18 83
 87 -18 83
 93 -27 86
 93 -27 86
 93 -27 86
 94 -31 88
 94 -31 88
 94 -31 88
 89 -25 98
 89 -25 98
 89 -25 98
 85 -19 109
 85 -19 109
 85 -19 109
 80 -16 111
 80 -16 111
 80 -16 111
 75 -12 107
 75 -12 107
 75 -12 107
 67 -16 98
 67 -16 98
 67 -16 98
 58 -15 91
 58 -15 91
 58 -15 91
 57 -17 93
 57 -17 93
 57 -17 93
 59 -24 89
 59 -24 89
 59 -24 89
 59 -26 95
 59 -26 95
 59 -26 95
 54 -18 106
 54 -18 106
 54 -18 106
 39 -6 111
 39 -6 111
 39 -6 111
 27 4 113
 27 4 113
 27 4 113
 13 13 111
 13 13 111
 13 13 111
 4 17 108
 4 17 108
 4 17 108
 3 14 109
 3 14 109
 3 14 109
 8 7 108
 8 7 108
 8 7 108
 18 0 104
 18 0 104
 18 0 104
 29 -3 109
 29 -3 109
 29 -3 109
 29 2 113
 29 2 113
 29 2 113
 22 6 113
 22 6 113
 22 6 113
 15 15 111
 15 15 111
 15 15 111
 9 19 103
 9 19 103
 9 19 103
 5 22 97
 5 22 97
 5 22 97
 2 27 96
 2 27 96
 2 27 96
 0 24 91
 0 24 91
 0 24 91
 3 23 89
 3 23 89
 3 23 89
 9 17 92
 9 17 92
 9 17 92
 18 5 94
 18 5 94
 18 5 94
 22 -2 102
 22 -2 102
 22 -2 102
 29 -4 120
 29 -4 120
 29 -4 120
 35 -9 142
 35 -9 142
 35 -9 142
 40 -20 153
 40 -20 153
 40 -20 153
 38 -23 157
 38 -23 157
 38 -23 157
 27 -10 161
 27 -10 161
 27 -10 161
 11 4 159
 11 4 159
 11 4 159
 0 16 154
 0 16 154
 0 16 154
 -10 23 141
 -10 23 141
 -10 23 141
 -16 29 125
 -16 29 125
 -16 29 125
 -21 32 113
 -21 32 113
 -21 32 113
 -22 32 110
 -22 32 110
 -22 32 110
 -22 34 112
 -22 34 112
 -22 34 112
 -14 28 114
 -14 28 114
 -14 28 114
 -5 17 116
 -5 17 116
 -5 17 116
 3 7 117
 3 7 117
 3 7 117
 8 3 120
 8 3 120
 8 3 120
 9 1 122
 9 1 122
 9 1 122
 12 -2 123
 12 -2 123
 12 -2 123
 15 -5 118
 15 -5 118
 15 -5 118
 11 1 116
 11 1 116
 11 1 116
 7 10 115
 7 10 115
 7 10 115
 2 18 114
 2 18 114
 2 18 114
 -4 28 112
 -4 28 112
 -4 28 112
 -8 37 112
 -8 37 112
 -8 37 112
 -12 44 109
 -12 44 109
 -12 44 109
 -14 44 111
 -14 44 111
 -14 44 111
 -8 39 115
 -8 39 115
 -8 39 115
 3 32 118
 3 32 118
 3 32 118
 12 22 123
 12 22 123
 12 22 123
 25 13 122
 25 13 122
 25 13 122
 30 9 116
 30 9 116
 30 9 116
 25 20 114
 25 20 114
 25 20 114
 16 46 116
 16 46 116
 16 46 116
 5 62 130
 5 62 130
 5 62 130
 7 62 143
 7 62 143
 7 62 143
 16 53 145
 16 53 145
 16 53 145
 27 40 142
 27 40 142
 27 40 142
 38 23 133
 38 23 133
 38 23 133
 50 10 114
 50 10 114
 50 10 114
 55 7 96
 55 7 96
 55 7 96
 60 12 84
 60 12 84
 60 12 84
 65 21 102
 65 21 102
 65 21 102
 80 16 121
 80 16 121
 80 16 121
 96 13 131
 96 13 131
 96 13 131
 96 17 142
 96 17 142
 96 17 142
 92 22 146
 92 22 146
 92 22 146
 87 26 134
 87 26 134
 87 26 134
 70 31 112
 70 31 112
 70 31 112
 52 47 91
 52 47 91
 52 47 91
 40 59 79
 40 59 79
 40 59 79
 50 55 76
 50 55 76
 50 55 76
 69 42 86
 69 42 86
 69 42 86
 89 21 93
 89 21 93
 89 21 93
 103 3 89
 103 3 89
 103 3 89
 103 1 81
 103 1 81
 103 1 81
 93 7 69
 93 7 69
 93 7 69
 81 16 61
 81 16 61
 81 16 61
 78 23 59
 78 23 59
 78 23 59
 93 17 71
 93 17 71
 93 17 71
 105 6 73
 105 6 73
 105 6 73
 117 2 68
 117 2 68
 117 2 68
 119 3 62
 119 3 62
 119 3 62
 114 4 56
 114 4 56
 114 4 56
 111 4 48
 111 4 48
 111 4 48
 110 8 44
 110 8 44
 110 8 44
 109 11 38
 109 11 38
 109 11 38
 115 4 34
 115 4 34
 115 4 34
 126 0 32
 126 0 32
 126 0 32
 129 -6 31
 129 -6 31
 129 -6 31
 134 -10 28
 134 -10 28
 134 -10 28
 142 -19 22
 142 -19 22
 142 -19 22
 147 -27 19
 147 -27 19
 147 -27 19
 141 -24 12
 141 -24 12
 141 -24 12
 142 -20 -10
 142 -20 -10
 142 -20 -10
 129 -7 -15
 129 -7 -15
 129 -7 -15
 120 5 -14
 120 5 -14
 120 5 -14
 116 12 -9
 116 12 -9
 116 12 -9
 116 11 -6
 116 11 -6
 116 11 -6
 120 2 -11
 120 2 -11
 120 2 -11
 127 -13 -28
 127 -13 -28
 127 -13 -28
 138 -27 -45
 138 -27 -45
 138 -27 -45
 144 -32 -58
 144 -32 -58
 144 -32 -58
 142 -31 -68
 142 -31 -68
 142 -31 -68
 140 -29 -76
 140 -29 -76
 140 -29 -76
 135 -20 -79
 135 -20 -79
 135 -20 -79
 123 0 -72
 123 0 -72
 123 0 -72
 108 17 -63
 108 17 -63
 108 17 -63
 88 21 -60
 88 21 -60
 88 21 -60
 81 10 -71
 81 10 -71
 81 10 -71
 85 0 -84
 85 0 -84
 85 0 -84
 89 -7 -97
 89 -7 -97
 89 -7 -97
 95 -15 -107
 95 -15 -107
 95 -15 -107
 99 -22 -116
 99 -22 -116
 99 -22 -116
 102 -26 -119
 102 -26 -119
 102 -26 -119
 94 -19 -117
 94 -19 -117
 94 -19 -117
 80 -4 -116
 80 -4 -116
 80 -4 -116
 61 23 -111
 61 23 -111
 61 23 -111
 43 36 -111
 43 36 -111
 43 36 -111
 34 36 -121
 34 36 -121
 34 36 -121
 31 32 -132
 31 32 -132
 31 32 -132
 31 32 -132
 39 19 -134
 39 19 -134
 39 19 -134
 53 2 -131
 53 2 -131
 53 2 -131
 63 -17 -133
 63 -17 -133
 63 -17 -133
 63 -24 -142
 63 -24 -142
 63 -24 -142
 54 -7 -142
 54 -7 -142
 54 -7 -142
 48 -3 -140
 48 -3 -140
 48 -3 -140
 41 6 -126
 41 6 -126
 41 6 -126
 19 21 -106
 19 21 -106
 19 21 -106
 6 25 -97
 6 25 -97
 6 25 -97
 5 18 -93
 5 18 -93
 5 18 -93
 8 6 -93
 8 6 -93
 8 6 -93
 11 -3 -99
 11 -3 -99
 11 -3 -99
 11 -5 -120
 11 -5 -120
 11 -5 -120
 5 1 -133
 5 1 -133
 5 1 -133
 6 -2 -140
 6 -2 -140
 6 -2 -140
 9 -10 -139
 9 -10 -139
 9 -10 -139
 5 -5 -136
 5 -5 -136
 5 -5 -136
 -5 -3 -136
 -5 -3 -136
 -5 -3 -136
 -13 1 -135
 -13 1 -135
 -13 1 -135
 -13 -2 -138
 -13 -2 -138
 -13 -2 -138
 -8 0 -136
 -8 0 -136
 -8 0 -136
 -8 -5 -148
 -8 -5 -148
 -8 -5 -148
 -17 -3 -152
 -17 -3 -152
 -17 -3 -152
 -29 1 -143
 -29 1 -143
 -29 1 -143
 -42 7 -128
 -42 7 -128
 -42 7 -128
 -53 9 -115
 -53 9 -115
 -53 9 -115
 -53 5 -108
 -53 5 -108
 -53 5 -108
 -47 0 -110
 -47 0 -110
 -47 0 -110
 -35 -10 -119
 -35 -10 -119
 -35 -10 -119
 -21 -25 -133
 -21 -25 -133
 -21 -25 -133
 -25 -23 -146
 -25 -23 -146
 -25 -23 -146
 -33 -19 -142
 -33 -19 -142
 -33 -19 -142
 -47 -11 -132
 -47 -11 -132
 -47 -11 -132
 -61 -4 -120
 -61 -4 -120
 -61 -4 -120
 -74 2 -105
 -74 2 -105
 -74 2 -105
 -80 8 -95
 -80 8 -95
 -80 8 -95
 -76 5 -100
 -76 5 -100
 -76 5 -100
 -62 -7 -109
 -62 -7 -109
 -62 -7 -109
 -45 -25 -119
 -45 -25 -119
 -45 -25 -119
 -40 -31 -119
 -40 -31 -119
 -40 -31 -119
 -45 -22 -112
 -45 -22 -112
 -45 -22 -112
 -56 -13 -108
 -56 -13 -108
 -56 -13 -108
 -63 -10 -95
 -63 -10 -95
 -63 -10 -95
 -65 -10 -90
 -65 -10 -90
 -65 -10 -90
 -70 -10 -94
 -70 -10 -94
 -70 -10 -94
 -74 -8 -100
 -74 -8 -100
 -74 -8 -100
 -77 -3 -99
 -77 -3 -99
 -77 -3 -99
 -77 -2 -96
 -77 -2 -96
 -77 -2 -96
 -76 0 -99
 -76 0 -99
 -76 0 -99
 -66 -6 -105
 -66 -6 -105
 -66 -6 -105
 -55 -16 -113
 -55 -16 -113
 -55 -16 -113
 -52 -19 -122
 -52 -19 -122
 -52 -19 -122
 -58 -13 -125
 -58 -13 -125
 -58 -13 -125
 -62 -10 -118
 -62 -10 -118
 -62 -10 -118
 -62 -11 -114
 -62 -11 -114
 -62 -11 -114
 -59 -10 -114
 -59 -10 -114
 -59 -10 -114
 -53 -12 -119
 -53 -12 -119
 -53 -12 -119
 -46 -14 -125
 -46 -14 -125
 -46 -14 -125
 -43 -17 -135
 -43 -17 -135
 -43 -17 -135
 -32 -21 -138
 -32 -21 -138
 -32 -21 -138
 -15 -39 -143
 -15 -39 -143
 -15 -39 -143
 -13 -43 -143
 -13 -43 -143
 -13 -43 -143
 -20 -38 -137
 -20 -38 -137
 -20 -38 -137
 -33 -26 -126
 -33 -26 -126
 -33 -26 -126
 -41 -21 -117
 -41 -21 -117
 -41 -21 -117
 -41 -18 -103
 -41 -18 -103
 -41 -18 -103
 -40 -13 -105
 -40 -13 -105
 -40 -13 -105
 -38 -10 -109
 -38 -10 -109
 -38 -10 -109
 -37 -5 -120
 -37 -5 -120
 -37 -5 -120
 -29 -8 -128
 -29 -8 -128
 -29 -8 -128
 -12 -17 -130
 -12 -17 -130
 -12 -17 -130
 -6 -22 -129
 -6 -22 -129
 -6 -22 -129
 -4 -21 -129
 -4 -21 -129
 -4 -21 -129
 -12 -11 -129
 -12 -11 -129
 -12 -11 -129
 -25 4 -125
 -25 4 -125
 -25 4 -125
 -36 19 -127
 -36 19 -127
 -36 19 -127
 -38 27 -129
 -38 27 -129
 -38 27 -129
 -33 25 -131
 -33 25 -131
 -33 25 -131
 -27 22 -129
 -27 22 -129
 -27 22 -129
 -20 19 -125
 -20 19 -125
 -20 19 -125
 -11 17 -119
 -11 17 -119
 -11 17 -119
 -6 17 -115
 -6 17 -115
 -6 17 -115
 1 18 -110
 1 18 -110
 1 18 -110
 4 20 -103
 4 20 -103
 4 20 -103
 5 27 -104
 5 27 -104
 5 27 -104
 -4 45 -109
 -4 45 -109
 -4 45 -109
 -18 65 -127
 -18 65 -127
 -18 65 -127
 -22 71 -148
 -22 71 -148
 -22 71 -148
 -15 66 -157
 -15 66 -157
 -15 66 -157
 -3 51 -154
 -3 51 -154
 -3 51 -154
 3 42 -142
 3 42 -142
 3 42 -142
 3 44 -126
 3 44 -126
 3 44 -126
 -2 49 -114
 -2 49 -114
 -2 49 -114
 -4 57 -98
 -4 57 -98
 -4 57 -98
 -2 65 -84
 -2 65 -84
 -2 65 -84
 1 71 -73
 1 71 -73
 1 71 -73
 -2 86 -72
 -2 86 -72
 -2 86 -72
 -8 105 -82
 -8 105 -82
 -8 105 -82
 -14 120 -95
 -14 120 -95
 -14 120 -95
 -6 117 -110
 -6 117 -110
 -6 117 -110
 6 106 -113
 6 106 -113
 6 106 -113
 19 95 -114
 19 95 -114
 19 95 -114
 29 85 -112
 29 85 -112
 29 85 -112
 35 78 -100
 35 78 -100
 35 78 -100
 40 79 -94
 40 79 -94
 40 79 -94
 36 83 -88
 36 83 -88
 36 83 -88
 33 84 -87
 33 84 -87
 33 84 -87
 27 91 -84
 27 91 -84
 27 91 -84
 19 99 -86
 19 99 -86
 19 99 -86
 10 110 -90
 10 110 -90
 10 110 -90
 6 118 -89
 6 118 -89
 6 118 -89
 14 113 -81
 14 113 -81
 14 113 -81
 21 107 -72
 21 107 -72
 21 107 -72
 29 105 -64
 29 105 -64
 29 105 -64
 31 103 -58
 31 103 -58
 31 103 -58
 33 109 -57
 33 109 -57
 33 109 -57
 36 112 -53
 36 112 -53
 36 112 -53
 39 113 -51
 39 113 -51
 39 113 -51
 37 116 -52
 37 116 -52
 37 116 -52
 33 122 -52
 33 122 -52
 33 122 -52
 32 120 -55
 32 120 -55
 32 120 -55
 31 117 -57
 31 117 -57
 31 117 -57
 33 115 -55
 33 115 -55
 33 115 -55
 38 108 -48
 38 108 -48
 38 108 -48
 39 102 -39
 39 102 -39
 39 102 -39
 40 99 -29
 40 99 -29
 40 99 -29
 46 95 -19
 46 95 -19
 46 95 -19
 49 89 -13
 49 89 -13
 49 89 -13
 47 86 -5
 47 86 -5
 47 86 -5
 47 87 -8
 47 87 -8
 47 87 -8
 44 99 -6
 44 99 -6
 44 99 -6
 39 109 -2
 39 109 -2
 39 109 -2
 42 114 -4
 42 114 -4
 42 114 -4
 46 116 -3
 46 116 -3
 46 116 -3
 56 116 -2
 56 116 -2
 56 116 -2
 60 118 1
 60 118 1
 60 118 1
 60 122 1
 60 122 1
 60 122 1
 60 125 0
 60 125 0
 60 125 0
 61 125 1
 61 125 1
 61 125 1
 63 123 0
 63 123 0
 63 123 0
 62 126 2
 62 126 2
 62 126 2
 57 132 4
 57 132 4
 57 132 4
 53 138 8
 53 138 8
 53 138 8
 50 141 12
 50 141 12
 50 141 12
 53 137 18
 53 137 18
 53 137 18
 64 126 22
 64 126 22
 64 126 22
 73 111 28
 73 111 28
 73 111 28
 76 107 26
 76 107 26
 76 107 26
 74 107 26
 74 107 26
 74 107 26
 66 103 20
 66 103 20
 66 103 20
 57 105 21
 57 105 21
 57 105 21
 53 101 21
 53 101 21
 53 101 21
 58 97 35
 58 97 35
 58 97 35
 62 96 50
 62 96 50
 62 96 50
 68 97 65
 68 97 65
 68 97 65
 77 100 77
 77 100 77
 77 100 77
 81 98 74
 81 98 74
 81 98 74
 76 95 51
 76 95 51
 76 95 51
 66 90 29
 66 90 29
 66 90 29
 64 80 20
 64 80 20
 64 80 20
 70 71 27
 70 71 27
 70 71 27
 84 69 40
 84 69 40
 84 69 40
 84 69 40
 95 78 61
 95 78 61
 95 78 61
 98 86 66
 98 86 66
 98 86 66
 98 96 66
 98 96 66
 98 96 66
 93 97 51
 93 97 51
 93 97 51
 81 102 38
 81 102 38
 81 102 38
 72 123 30
 72 123 30
 72 123 30
 69 112 37
 69 112 37
 69 112 37
 76 110 55
 76 110 55
 76 110 55
 78 90 59
 78 90 59
 78 90 59
 77 84 50
 77 84 50
 77 84 50
 77 72 49
 77 72 49
 77 72 49
 81 67 66
 81 67 66
 81 67 66
 82 71 84
 82 71 84
 82 71 84
 78 83 91
 78 83 91
 78 83 91
 82 98 90
 82 98 90
 82 98 90
 81 123 70
 81 123 70
 81 123 70
 53 133 15
 53 133 15
 53 133 15
 29 108 -25
 29 108 -25
 29 108 -25
 43 89 8
 43 89 8
 43 89 8
 64 75 52
 64 75 52
 64 75 52
 96 56 113
 96 56 113
 96 56 113
 125 38 150
 125 38 150
 125 38 150
 131 40 131
 131 40 131
 131 40 131
 95 66 75
 95 66 75
 95 66 75
 54 75 18
 54 75 18
 54 75 18
 33 79 16
 33 79 16
 33 79 16
 47 79 63
 47 79 63
 47 79 63
 75 71 92
 75 71 92
 75 71 92
 92 75 96
 92 75 96
 92 75 96
 108 56 76
 108 56 76
 108 56 76
 93 74 40
 93 74 40
 93 74 40
 83 71 21
 83 71 21
 83 71 21
 73 70 20
 73 70 20
 73 70 20
 70 74 52
 70 74 52
 70 74 52
 81 81 72
 81 81 72
 81 81 72
 89 81 78
 89 81 78
 89 81 78
 86 93 73
 86 93 73
 86 93 73
 72 101 55
 72 101 55
 72 101 55
 61 91 37
 61 91 37
 61 91 37
 53 76 28
 53 76 28
 53 76 28
 49 78 51
 49 78 51
 49 78 51
 61 78 91
 61 78 91
 61 78 91
 83 70 123
 83 70 123
 83 70 123
 95 71 127
 95 71 127
 95 71 127
 99 73 101
 99 73 101
 99 73 101
 91 77 61
 91 77 61
 91 77 61
 73 76 9
 73 76 9
 73 76 9
 61 72 -5
 61 72 -5
 61 72 -5
 66 74 25
 66 74 25
 66 74 25
 77 78 63
 77 78 63
 77 78 63
 94 72 85
 94 72 85
 94 72 85
 111 75 95
 111 75 95
 111 75 95
 114 85 81
 114 85 81
 114 85 81
 100 96 46
 100 96 46
 100 96 46
 96 92 12
 96 92 12
 96 92 12
 90 90 -3
 90 90 -3
 90 90 -3
 93 79 -6
 93 79 -6
 93 79 -6
 89 77 8
 89 77 8
 89 77 8
 96 80 25
 96 80 25
 96 80 25
 100 83 35
 100 83 35
 100 83 35
 103 92 38
 103 92 38
 103 92 38
 94 106 33
 94 106 33
 94 106 33
 82 114 17
 82 114 17
 82 114 17
 71 117 3
 71 117 3
 71 117 3
 67 111 -6
 67 111 -6
 67 111 -6
 69 99 2
 69 99 2
 69 99 2
 78 94 29
 78 94 29
 78 94 29
 85 91 50
 85 91 50
 85 91 50
 97 83 58
 97 83 58
 97 83 58
 99 81 51
 99 81 51
 99 81 51
 97 85 36
 97 85 36
 97 85 36
 92 91 10
 92 91 10
 92 91 10
 89 95 -12
 89 95 -12
 89 95 -12
 89 102 -23
 89 102 -23
 89 102 -23
 85 112 -24
 85 112 -24
 85 112 -24
 91 120 -13
 91 120 -13
 91 120 -13
 99 121 -15
 99 121 -15
 99 121 -15
 103 115 -23
 103 115 -23
 103 115 -23
 105 111 -36
 105 111 -36
 105 111 -36
 107 106 -52
 107 106 -52
 107 106 -52
 110 97 -55
 110 97 -55
 110 97 -55
 111 90 -51
 111 90 -51
 111 90 -51
 106 88 -46
 106 88 -46
 106 88 -46
 98 92 -38
 98 92 -38
 98 92 -38
 95 92 -34
 95 92 -34
 95 92 -34
 97 88 -27
 97 88 -27
 97 88 -27
 91 92 -28
 91 92 -28
 91 92 -28
 85 93 -35
 85 93 -35
 85 93 -35
 81 90 -50
 81 90 -50
 81 90 -50
 78 85 -64
 78 85 -64
 78 85 -64
 81 81 -64
 81 81 -64
 81 81 -64
 82 76 -55
 82 76 -55
 82 76 -55
 86 71 -50
 86 71 -50
 86 71 -50
 83 75 -55
 83 75 -55
 83 75 -55
 79 81 -62
 79 81 -62
 79 81 -62
 83 74 -64
 83 74 -64
 83 74 -64
 86 68 -67
 86 68 -67
 86 68 -67
 84 61 -74
 84 61 -74
 84 61 -74
 82 60 -81
 82 60 -81
 82 60 -81
 78 59 -91
 78 59 -91
 78 59 -91
 75 56 -101
 75 56 -101
 75 56 -101
 73 54 -100
 73 54 -100
 73 54 -100
 73 50 -97
 73 50 -97
 73 50 -97
 74 47 -91
 74 47 -91
 74 47 -91
 71 46 -86
 71 46 -86
 71 46 -86
 64 51 -83
 64 51 -83
 64 51 -83
 57 56 -89
 57 56 -89
 57 56 -89
 52 58 -99
 52 58 -99
 52 58 -99
 44 63 -102
 44 63 -102
 44 63 -102
 33 68 -104
 33 68 -104
 33 68 -104
 28 66 -104
 28 66 -104
 28 66 -104
 32 59 -120
 32 59 -120
 32 59 -120
 46 40 -128
 46 40 -128
 46 40 -128
 59 27 -130
 59 27 -130
 59 27 -130
 62 23 -126
 62 23 -126
 62 23 -126
 52 28 -122
 52 28 -122
 52 28 -122
 44 33 -114
 44 33 -114
 44 33 -114
 36 33 -116
 36 33 -116
 36 33 -116
 33 28 -126
 33 28 -126
 33 28 -126
 32 26 -138
 32 26 -138
 32 26 -138
 33 24 -145
 33 24 -145
 33 24 -145
 41 20 -148
 41 20 -148
 41 20 -148
 41 19 -147
 41 19 -147
 41 19 -147
 43 15 -148
 43 15 -148
 43 15 -148
 35 16 -153
 35 16 -153
 35 16 -153
 20 25 -159
 20 25 -159
 20 25 -159
 8 33 -148
 8 33 -148
 8 33 -148
 3 31 -132
 3 31 -132
 3 31 -132
 5 21 -111
 5 21 -111
 5 21 -111
 8 11 -98
 8 11 -98
 8 11 -98
 7 4 -98
 7 4 -98
 7 4 -98
 5 5 -105
 5 5 -105
 5 5 -105
 1 5 -117
 1 5 -117
 1 5 -117
 -4 9 -134
 -4 9 -134
 -4 9 -134
 -9 8 -139
 -9 8 -139
 -9 8 -139
 3 -9 -129
 3 -9 -129
 3 -9 -129
 14 -29 -115
 14 -29 -115
 14 -29 -115
 20 -39 -106
 20 -39 -106
 20 -39 -106
 13 -38 -105
 13 -38 -105
 13 -38 -105
 2 -32 -113
 2 -32 -113
 2 -32 -113
 -5 -28 -126
 -5 -28 -126
 -5 -28 -126
 -5 -29 -135
 -5 -29 -135
 -5 -29 -135
 3 -35 -151
 3 -35 -151
 3 -35 -151
 6 -43 -167
 6 -43 -167
 6 -43 -167
 16 -59 -160
 16 -59 -160
 16 -59 -160
 19 -69 -134
 19 -69 -134
 19 -69 -134
 11 -66 -105
 11 -66 -105
 11 -66 -105
 -2 -60 -84
 -2 -60 -84
 -2 -60 -84
 -11 -60 -83
 -11 -60 -83
 -11 -60 -83
 -22 -54 -101
 -22 -54 -101
 -22 -54 -101
 -24 -52 -125
 -24 -52 -125
 -24 -52 -125
 -13 -64 -145
 -13 -64 -145
 -13 -64 -145
 0 -76 -155
 0 -76 -155
 0 -76 -155
 0 -77 -148
 0 -77 -148
 0 -77 -148
 -13 -68 -134
 -13 -68 -134
 -13 -68 -134
 -22 -63 -110
 -22 -63 -110
 -22 -63 -110
 -23 -69 -96
 -23 -69 -96
 -23 -69 -96
 -18 -83 -99
 -18 -83 -99
 -18 -83 -99
 -26 -78 -111
 -26 -78 -111
 -26 -78 -111
 -29 -74 -107
 -29 -74 -107
 -29 -74 -107
 -35 -72 -101
 -35 -72 -101
 -35 -72 -101
 -28 -79 -86
 -28 -79 -86
 -28 -79 -86
 -25 -85 -73
 -25 -85 -73
 -25 -85 -73
 -30 -84 -65
 -30 -84 -65
 -30 -84 -65
 -32 -86 -60
 -32 -86 -60
 -32 -86 -60
 -35 -93 -62
 -35 -93 -62
 -35 -93 -62
 -33 -102 -61
 -33 -102 -61
 -33 -102 -61
 -31 -110 -60
 -31 -110 -60
 -31 -110 -60
 -40 -102 -66
 -40 -102 -66
 -40 -102 -66
 -40 -102 -66
 -42 -101 -69
 -42 -101 -69
 -42 -101 -69
 -45 -99 -70
 -45 -99 -70
 -45 -99 -70
 -47 -97 -59
 -47 -97 -59
 -47 -97 -59
 -46 -97 -44
 -46 -97 -44
 -46 -97 -44
 -43 -103 -36
 -43 -103 -36
 -43 -103 -36
 -40 -106 -35
 -40 -106 -35
 -40 -106 -35
 -41 -110 -33
 -41 -110 -33
 -41 -110 -33
 -43 -107 -31
 -43 -107 -31
 -43 -107 -31
 -50 -96 -30
 -50 -96 -30
 -50 -96 -30
 -55 -90 -23
 -55 -90 -23
 -55 -90 -23
 -52 -91 -26
 -52 -91 -26
 -52 -91 -26
 -51 -90 -21
 -51 -90 -21
 -51 -90 -21
 -50 -91 -11
 -50 -91 -11
 -50 -91 -11
 -45 -93 0
 -45 -93 0
 -45 -93 0
 -41 -97 2
 -41 -97 2
 -41 -97 2
 -40 -97 3
 -40 -97 3
 -40 -97 3
 -50 -86 11
 -50 -86 11
 -50 -86 11
 -56 -70 29
 -56 -70 29
 -56 -70 29
 -50 -72 50
 -50 -72 50
 -50 -72 50
 -43 -78 63
 -43 -78 63
 -43 -78 63
 -44 -82 67
 -44 -82 67
 -44 -82 67
 -39 -86 65
 -39 -86 65
 -39 -86 65
 -36 -88 61
 -36 -88 61
 -36 -88 61
 -41 -82 69
 -41 -82 69
 -41 -82 69
 -48 -70 84
 -48 -70 84
 -48 -70 84
 -53 -63 98
 -53 -63 98
 -53 -63 98
 -50 -65 99
 -50 -65 99
 -50 -65 99
 -44 -73 98
 -44 -73 98
 -44 -73 98
 -41 -80 85
 -41 -80 85
 -41 -80 85
 -48 -68 80
 -48 -68 80
 -48 -68 80
 -48 -68 92
 -48 -68 92
 -48 -68 92
 -41 -74 96
 -41 -74 96
 -41 -74 96
 -45 -71 101
 -45 -71 101
 -45 -71 101
 -45 -70 101
 -45 -70 101
 -45 -70 101
 -44 -72 100
 -44 -72 100
 -44 -72 100
 -40 -76 86
 -40 -76 86
 -40 -76 86
 -41 -72 93
 -41 -72 93
 -41 -72 93
 -43 -64 104
 -43 -64 104
 -43 -64 104
 -42 -62 117
 -42 -62 117
 -42 -62 117
 -37 -67 120
 -37 -67 120
 -37 -67 120
 -35 -67 122
 -35 -67 122
 -35 -67 122
 -40 -63 125
 -40 -63 125
 -40 -63 125
 -50 -56 130
 -50 -56 130
 -50 -56 130
 -46 -56 126
 -46 -56 126
 -46 -56 126
 -43 -61 108
 -43 -61 108
 -43 -61 108
 -41 -61 107
 -41 -61 107
 -41 -61 107
 -39 -62 112
 -39 -62 112
 -39 -62 112
 -38 -59 119
 -38 -59 119
 -38 -59 119
 -47 -50 129
 -47 -50 129
 -47 -50 129
 -52 -42 134
 -52 -42 134
 -52 -42 134
 -50 -43 132
 -50 -43 132
 -50 -43 132
 -53 -40 129
 -53 -40 129
 -53 -40 129
 -49 -40 135
 -49 -40 135
 -49 -40 135
 -44 -46 137
 -44 -46 137
 -44 -46 137
 -40 -49 137
 -40 -49 137
 -40 -49 137
 -43 -53 126
 -43 -53 126
 -43 -53 126
 -41 -52 110
 -41 -52 110
 -41 -52 110
 -49 -43 116
 -49 -43 116
 -49 -43 116
 -53 -37 122
 -53 -37 122
 -53 -37 122
 -52 -38 126
 -52 -38 126
 -52 -38 126
 -52 -37 129
 -52 -37 129
 -52 -37 129
 -56 -33 132
 -56 -33 132
 -56 -33 132
 -48 -40 141
 -48 -40 141
 -48 -40 141
 -41 -49 146
 -41 -49 146
 -41 -49 146
 -40 -51 149
 -40 -51 149
 -40 -51 149
 -43 -51 141
 -43 -51 141
 -43 -51 141
 -40 -57 128
 -40 -57 128
 -40 -57 128
 -44 -61 122
 -44 -61 122
 -44 -61 122
 -41 -63 114
 -41 -63 114
 -41 -63 114
 -40 -66 110
 -40 -66 110
 -40 -66 110
 -38 -68 107
 -38 -68 107
 -38 -68 107
 -39 -72 99
 -39 -72 99
 -39 -72 99
 -45 -71 94
 -45 -71 94
 -45 -71 94
 -49 -73 81
 -49 -73 81
 -49 -73 81
 -56 -72 69
 -56 -72 69
 -56 -72 69
 -57 -74 57
 -57 -74 57
 -57 -74 57
 -61 -76 44
 -61 -76 44
 -61 -76 44
 -58 -81 36
 -58 -81 36
 -58 -81 36
 -53 -87 36
 -53 -87 36
 -53 -87 36
 -40 -98 42
 -40 -98 42
 -40 -98 42
 -39 -100 44
 -39 -100 44
 -39 -100 44
 -44 -97 45
 -44 -97 45
 -44 -97 45
 -53 -90 40
 -53 -90 40
 -53 -90 40
 -62 -87 31
 -62 -87 31
 -62 -87 31
 -70 -82 22
 -70 -82 22
 -70 -82 22
 -72 -81 21
 -72 -81 21
 -72 -81 21
 -69 -81 19
 -69 -81 19
 -69 -81 19
 -60 -86 21
 -60 -86 21
 -60 -86 21
 -38 -107 13
 -38 -107 13
 -38 -107 13
 -20 -129 -5
 -20 -129 -5
 -20 -129 -5
 -22 -129 -13
 -22 -129 -13
 -22 -129 -13
 -34 -117 -11
 -34 -117 -11
 -34 -117 -11
 -41 -110 -8
 -41 -110 -8
 -41 -110 -8
 -55 -100 -3
 -55 -100 -3
 -55 -100 -3
 -63 -88 2
 -63 -88 2
 -63 -88 2
 -46 -95 1
 -46 -95 1
 -46 -95 1
 -22 -117 -16
 -22 -117 -16
 -22 -117 -16
 -10 -125 -33
 -10 -125 -33
 -10 -125 -33
 -8 -125 -47
 -8 -125 -47
 -8 -125 -47
 -7 -125 -55
 -7 -125 -55
 -7 -125 -55
 -15 -119 -54
 -15 -119 -54
 -15 -119 -54
 -24 -108 -50
 -24 -108 -50
 -24 -108 -50
 -39 -96 -37
 -39 -96 -37
 -39 -96 -37
 -52 -82 -39
 -52 -82 -39
 -52 -82 -39
 -58 -69 -39
 -58 -69 -39
 -58 -69 -39
 -46 -71 -40
 -46 -71 -40
 -46 -71 -40
 -28 -85 -54
 -28 -85 -54
 -28 -85 -54
 -16 -90 -65
 -16 -90 -65
 -16 -90 -65
 -14 -82 -75
 -14 -82 -75
 -14 -82 -75
 -20 -68 -91
 -20 -68 -91
 -20 -68 -91
 -24 -59 -101
 -24 -59 -101
 -24 -59 -101
 -25 -52 -108
 -25 -52 -108
 -25 -52 -108
 -25 -51 -114
 -25 -51 -114
 -25 -51 -114
 -27 -44 -115
 -27 -44 -115
 -27 -44 -115
 -30 -33 -115
 -30 -33 -115
 -30 -33 -115
 -29 -33 -110
 -29 -33 -110
 -29 -33 -110
 -22 -35 -111
 -22 -35 -111
 -22 -35 -111
 -16 -33 -107
 -16 -33 -107
 -16 -33 -107
 -13 -27 -101
 -13 -27 -101
 -13 -27 -101
 -14 -17 -110
 -14 -17 -110
 -14 -17 -110
 -10 -9 -120
 -10 -9 -120
 -10 -9 -120
 -9 0 -136
 -9 0 -136
 -9 0 -136
 -5 2 -141
 -5 2 -141
 -5 2 -141
 6 -3 -135
 6 -3 -135
 6 -3 -135
 17 -4 -129
 17 -4 -129
 17 -4 -129
 20 2 -118
 20 2 -118
 20 2 -118
 14 17 -115
 14 17 -115
 14 17 -115
 -8 42 -136
 -8 42 -136
 -8 42 -136
 -17 61 -160
 -17 61 -160
 -17 61 -160
 -4 47 -164
 -4 47 -164
 -4 47 -164
 20 25 -155
 20 25 -155
 20 25 -155
 32 13 -143
 32 13 -143
 32 13 -143
 36 17 -131
 36 17 -131
 36 17 -131
 29 28 -126
 29 28 -126
 29 28 -126
 22 40 -122
 22 40 -122
 22 40 -122
 17 52 -113
 17 52 -113
 17 52 -113
 10 64 -113
 10 64 -113
 10 64 -113
 4 76 -124
 4 76 -124
 4 76 -124
 11 71 -125
 11 71 -125
 11 71 -125
 23 61 -124
 23 61 -124
 23 61 -124
 28 60 -128
 28 60 -128
 28 60 -128
 30 64 -128
 30 64 -128
 30 64 -128
 28 61 -126
 28 61 -126
 28 61 -126
 21 69 -124
 21 69 -124
 21 69 -124
 13 79 -122
 13 79 -122
 13 79 -122
 9 90 -121
 9 90 -121
 9 90 -121
 9 93 -119
 9 93 -119
 9 93 -119
 15 88 -117
 15 88 -117


