# Created by Octave 5.1.0, Wed Jun 19 02:18:33 2019 GMT <unknown@DESKTOP-CFK5EOT>
# name: compass_data
# type: matrix
# rows: 5000
# columns: 3
 -13 311 17
 -13 311 17
 -13 311 17
 -13 311 17
 -13 311 17
 -13 311 17
 -13 311 17
 -13 311 17
 -13 311 17
 -13 311 17
 -13 311 17
 -13 311 17
 -13 311 17
 39 364 58
 39 364 58
 39 364 58
 39 364 58
 39 364 58
 39 364 58
 39 364 58
 39 364 58
 39 364 58
 39 364 58
 39 364 58
 39 364 58
 39 364 58
 39 364 58
 39 364 58
 39 364 58
 39 364 58
 39 364 58
 39 364 58
 39 364 58
 -25 303 62
 -25 303 62
 -25 303 62
 -25 303 62
 -25 303 62
 -25 303 62
 -25 303 62
 -25 303 62
 -25 303 62
 -25 303 62
 -25 303 62
 -25 303 62
 -25 303 62
 -25 303 62
 -25 303 62
 -25 303 62
 -25 303 62
 -25 303 62
 -25 303 62
 -25 303 62
 -25 303 62
 -6 323 92
 -6 323 92
 -6 323 92
 -6 323 92
 -6 323 92
 -6 323 92
 -6 323 92
 -6 323 92
 -6 323 92
 -6 323 92
 -6 323 92
 -6 323 92
 -6 323 92
 -6 323 92
 -6 323 92
 -6 323 92
 -6 323 92
 -6 323 92
 -6 323 92
 -6 323 92
 -6 323 92
 -3 304 106
 -3 304 106
 -3 304 106
 -3 304 106
 -3 304 106
 -3 304 106
 -3 304 106
 -3 304 106
 -3 304 106
 -3 304 106
 -3 304 106
 -3 304 106
 -3 304 106
 -3 304 106
 -3 304 106
 -3 304 106
 -3 304 106
 -3 304 106
 -3 304 106
 -3 304 106
 -36 264 113
 -36 264 113
 -36 264 113
 -36 264 113
 -36 264 113
 -36 264 113
 -36 264 113
 -36 264 113
 -36 264 113
 -36 264 113
 -36 264 113
 -36 264 113
 -36 264 113
 -36 264 113
 -36 264 113
 -36 264 113
 -36 264 113
 -36 264 113
 -36 264 113
 -36 264 113
 -36 264 113
 42 321 131
 42 321 131
 42 321 131
 42 321 131
 42 321 131
 42 321 131
 42 321 131
 42 321 131
 42 321 131
 42 321 131
 42 321 131
 42 321 131
 42 321 131
 42 321 131
 42 321 131
 42 321 131
 42 321 131
 42 321 131
 42 321 131
 42 321 131
 42 321 131
 9 253 124
 9 253 124
 9 253 124
 9 253 124
 9 253 124
 9 253 124
 9 253 124
 9 253 124
 9 253 124
 9 253 124
 9 253 124
 9 253 124
 9 253 124
 9 253 124
 9 253 124
 9 253 124
 9 253 124
 9 253 124
 9 253 124
 9 253 124
 80 306 111
 80 306 111
 80 306 111
 80 306 111
 80 306 111
 80 306 111
 80 306 111
 80 306 111
 80 306 111
 80 306 111
 80 306 111
 80 306 111
 80 306 111
 80 306 111
 80 306 111
 80 306 111
 80 306 111
 80 306 111
 80 306 111
 80 306 111
 80 306 111
 87 288 97
 87 288 97
 87 288 97
 87 288 97
 87 288 97
 87 288 97
 87 288 97
 87 288 97
 87 288 97
 87 288 97
 87 288 97
 87 288 97
 87 288 97
 87 288 97
 87 288 97
 87 288 97
 87 288 97
 87 288 97
 87 288 97
 87 288 97
 87 288 97
 98 281 86
 98 281 86
 98 281 86
 98 281 86
 98 281 86
 98 281 86
 98 281 86
 98 281 86
 98 281 86
 98 281 86
 98 281 86
 98 281 86
 98 281 86
 98 281 86
 98 281 86
 98 281 86
 98 281 86
 98 281 86
 98 281 86
 98 281 86
 169 327 50
 169 327 50
 169 327 50
 169 327 50
 169 327 50
 169 327 50
 169 327 50
 169 327 50
 169 327 50
 169 327 50
 169 327 50
 169 327 50
 169 327 50
 169 327 50
 169 327 50
 169 327 50
 169 327 50
 169 327 50
 169 327 50
 169 327 50
 169 327 50
 130 270 61
 130 270 61
 130 270 61
 130 270 61
 130 270 61
 130 270 61
 130 270 61
 130 270 61
 130 270 61
 130 270 61
 130 270 61
 130 270 61
 130 270 61
 130 270 61
 130 270 61
 130 270 61
 130 270 61
 130 270 61
 130 270 61
 130 270 61
 130 270 61
 213 315 -7
 213 315 -7
 213 315 -7
 213 315 -7
 213 315 -7
 213 315 -7
 213 315 -7
 213 315 -7
 213 315 -7
 213 315 -7
 213 315 -7
 213 315 -7
 213 315 -7
 213 315 -7
 213 315 -7
 213 315 -7
 213 315 -7
 213 315 -7
 213 315 -7
 213 315 -7
 206 293 -30
 206 293 -30
 206 293 -30
 206 293 -30
 206 293 -30
 206 293 -30
 206 293 -30
 206 293 -30
 206 293 -30
 206 293 -30
 206 293 -30
 206 293 -30
 206 293 -30
 206 293 -30
 206 293 -30
 206 293 -30
 206 293 -30
 206 293 -30
 206 293 -30
 206 293 -30
 206 293 -30
 248 285 -119
 248 285 -119
 248 285 -119
 248 285 -119
 248 285 -119
 248 285 -119
 248 285 -119
 248 285 -119
 248 285 -119
 248 285 -119
 248 285 -119
 248 285 -119
 248 285 -119
 248 285 -119
 248 285 -119
 248 285 -119
 248 285 -119
 248 285 -119
 248 285 -119
 248 285 -119
 248 285 -119
 248 285 -119
 248 285 -119
 248 285 -119
 248 285 -119
 248 285 -119
 248 285 -119
 248 285 -119
 248 285 -119
 248 285 -119
 248 285 -119
 248 285 -119
 248 285 -119
 248 285 -119
 248 285 -119
 248 285 -119
 248 285 -119
 248 285 -119
 248 285 -119
 248 285 -119
 248 285 -119
 281 201 -215
 281 201 -215
 281 201 -215
 281 201 -215
 281 201 -215
 281 201 -215
 281 201 -215
 281 201 -215
 281 201 -215
 281 201 -215
 281 201 -215
 281 201 -215
 281 201 -215
 281 201 -215
 281 201 -215
 281 201 -215
 281 201 -215
 281 201 -215
 281 201 -215
 281 201 -215
 281 201 -215
 360 120 -263
 360 120 -263
 360 120 -263
 360 120 -263
 360 120 -263
 360 120 -263
 360 120 -263
 360 120 -263
 360 120 -263
 360 120 -263
 360 120 -263
 360 120 -263
 360 120 -263
 360 120 -263
 360 120 -263
 360 120 -263
 360 120 -263
 360 120 -263
 360 120 -263
 360 120 -263
 360 120 -263
 360 120 -263
 360 120 -263
 360 120 -263
 360 120 -263
 360 120 -263
 360 120 -263
 360 120 -263
 360 120 -263
 360 120 -263
 360 120 -263
 360 120 -263
 360 120 -263
 360 120 -263
 360 120 -263
 360 120 -263
 360 120 -263
 360 120 -263
 360 120 -263
 360 120 -263
 360 120 -263
 387 62 -235
 387 62 -235
 387 62 -235
 387 62 -235
 387 62 -235
 387 62 -235
 387 62 -235
 387 62 -235
 387 62 -235
 387 62 -235
 387 62 -235
 387 62 -235
 387 62 -235
 387 62 -235
 387 62 -235
 387 62 -235
 387 62 -235
 387 62 -235
 387 62 -235
 387 62 -235
 387 62 -235
 399 52 -214
 399 52 -214
 399 52 -214
 399 52 -214
 399 52 -214
 399 52 -214
 399 52 -214
 399 52 -214
 399 52 -214
 399 52 -214
 399 52 -214
 399 52 -214
 399 52 -214
 399 52 -214
 399 52 -214
 399 52 -214
 399 52 -214
 399 52 -214
 399 52 -214
 399 52 -214
 399 89 -214
 365 89 -212
 365 89 -212
 365 89 -212
 365 89 -212
 365 89 -212
 365 89 -212
 365 89 -212
 365 89 -212
 365 89 -212
 365 89 -212
 365 89 -212
 365 89 -212
 365 89 -212
 365 89 -212
 365 89 -212
 365 89 -212
 365 89 -212
 365 89 -212
 365 89 -212
 365 89 -212
 423 75 -170
 423 75 -170
 423 75 -170
 423 75 -170
 423 75 -170
 423 75 -170
 423 75 -170
 423 75 -170
 423 75 -170
 423 75 -170
 423 75 -170
 423 75 -170
 423 75 -170
 423 75 -170
 423 75 -170
 423 75 -170
 423 75 -170
 423 75 -170
 423 75 -170
 423 75 -170
 423 75 -170
 348 139 -192
 348 139 -192
 348 139 -192
 348 139 -192
 348 139 -192
 348 139 -192
 348 139 -192
 348 139 -192
 348 139 -192
 348 139 -192
 348 139 -192
 348 139 -192
 348 139 -192
 348 139 -192
 348 139 -192
 348 139 -192
 348 139 -192
 348 139 -192
 348 139 -192
 348 139 -192
 348 187 -172
 354 187 -172
 354 187 -172
 354 187 -172
 354 187 -172
 354 187 -172
 354 187 -172
 354 187 -172
 354 187 -172
 354 187 -172
 354 187 -172
 354 187 -172
 354 187 -172
 354 187 -172
 354 187 -172
 354 187 -172
 354 187 -172
 354 187 -172
 354 187 -172
 354 187 -172
 354 187 -172
 289 228 -201
 289 228 -201
 289 228 -201
 289 228 -201
 289 228 -201
 289 228 -201
 289 228 -201
 289 228 -201
 289 228 -201
 289 228 -201
 289 228 -201
 289 228 -201
 289 228 -201
 289 228 -201
 289 228 -201
 289 228 -201
 289 228 -201
 289 228 -201
 289 228 -201
 289 228 -201
 289 228 -201
 216 260 -219
 216 260 -219
 216 260 -219
 216 260 -219
 216 260 -219
 216 260 -219
 216 260 -219
 216 260 -219
 216 260 -219
 216 260 -219
 216 260 -219
 216 260 -219
 216 260 -219
 216 260 -219
 216 260 -219
 216 260 -219
 216 260 -219
 216 260 -219
 216 260 -219
 216 260 -219
 172 325 -211
 172 325 -211
 172 325 -211
 172 325 -211
 172 325 -211
 172 325 -211
 172 325 -211
 172 325 -211
 172 325 -211
 172 325 -211
 172 325 -211
 172 325 -211
 172 325 -211
 172 325 -211
 172 325 -211
 172 325 -211
 172 325 -211
 172 325 -211
 172 325 -211
 172 325 -211
 172 325 -211
 63 258 -281
 63 258 -281
 63 258 -281
 63 258 -281
 63 258 -281
 63 258 -281
 63 258 -281
 63 258 -281
 63 258 -281
 63 258 -281
 63 258 -281
 63 258 -281
 63 258 -281
 63 258 -281
 63 258 -281
 63 258 -281
 63 258 -281
 63 258 -281
 63 258 -281
 63 258 -281
 63 258 -281
 2 310 -272
 2 310 -272
 2 310 -272
 2 310 -272
 2 310 -272
 2 310 -272
 2 310 -272
 2 310 -272
 2 310 -272
 2 310 -272
 2 310 -272
 2 310 -272
 2 310 -272
 2 310 -272
 2 310 -272
 2 310 -272
 2 310 -272
 2 310 -272
 2 310 -272
 2 310 -272
 -75 238 -307
 -75 238 -307
 -75 238 -307
 -75 238 -307
 -75 238 -307
 -75 238 -307
 -75 238 -307
 -75 238 -307
 -75 238 -307
 -75 238 -307
 -75 238 -307
 -75 238 -307
 -75 238 -307
 -75 238 -307
 -75 238 -307
 -75 238 -307
 -75 238 -307
 -75 238 -307
 -75 238 -307
 -75 238 -307
 -75 238 -307
 -165 214 -297
 -165 214 -297
 -165 214 -297
 -165 214 -297
 -165 214 -297
 -165 214 -297
 -165 214 -297
 -165 214 -297
 -165 214 -297
 -165 214 -297
 -165 214 -297
 -165 214 -297
 -165 214 -297
 -165 214 -297
 -165 214 -297
 -165 214 -297
 -165 214 -297
 -165 214 -297
 -165 214 -297
 -165 214 -297
 -165 214 -297
 -246 187 -284
 -246 187 -284
 -246 187 -284
 -246 187 -284
 -246 187 -284
 -246 187 -284
 -246 187 -284
 -246 187 -284
 -246 187 -284
 -246 187 -284
 -246 187 -284
 -246 187 -284
 -246 187 -284
 -246 187 -284
 -246 187 -284
 -246 187 -284
 -246 187 -284
 -246 187 -284
 -246 187 -284
 -246 187 -284
 -282 93 -254
 -282 93 -254
 -282 93 -254
 -282 93 -254
 -282 93 -254
 -282 93 -254
 -282 93 -254
 -282 93 -254
 -282 93 -254
 -282 93 -254
 -282 93 -254
 -282 93 -254
 -282 93 -254
 -282 93 -254
 -282 93 -254
 -282 93 -254
 -282 93 -254
 -282 93 -254
 -282 93 -254
 -282 93 -254
 -282 93 -254
 -344 142 -225
 -344 142 -225
 -344 142 -225
 -344 142 -225
 -344 142 -225
 -344 142 -225
 -344 142 -225
 -344 142 -225
 -344 142 -225
 -344 142 -225
 -344 142 -225
 -344 142 -225
 -344 142 -225
 -344 142 -225
 -344 142 -225
 -344 142 -225
 -344 142 -225
 -344 142 -225
 -344 142 -225
 -344 142 -225
 -344 142 -225
 -349 74 -182
 -349 74 -182
 -349 74 -182
 -349 74 -182
 -349 74 -182
 -349 74 -182
 -349 74 -182
 -349 74 -182
 -349 74 -182
 -349 74 -182
 -349 74 -182
 -349 74 -182
 -349 74 -182
 -349 74 -182
 -349 74 -182
 -349 74 -182
 -349 74 -182
 -349 74 -182
 -349 74 -182
 -349 74 -182
 -379 107 -132
 -379 107 -132
 -379 107 -132
 -379 107 -132
 -379 107 -132
 -379 107 -132
 -379 107 -132
 -379 107 -132
 -379 107 -132
 -379 107 -132
 -379 107 -132
 -379 107 -132
 -379 107 -132
 -379 107 -132
 -379 107 -132
 -379 107 -132
 -379 107 -132
 -379 107 -132
 -379 107 -132
 -379 107 -132
 -379 107 -132
 -384 114 -76
 -384 114 -76
 -384 114 -76
 -384 114 -76
 -384 114 -76
 -384 114 -76
 -384 114 -76
 -384 114 -76
 -384 114 -76
 -384 114 -76
 -384 114 -76
 -384 114 -76
 -384 114 -76
 -384 114 -76
 -384 114 -76
 -384 114 -76
 -384 114 -76
 -384 114 -76
 -384 114 -76
 -384 114 -76
 -384 114 -76
 -360 93 -34
 -360 93 -34
 -360 93 -34
 -360 93 -34
 -360 93 -34
 -360 93 -34
 -360 93 -34
 -360 93 -34
 -360 93 -34
 -360 93 -34
 -360 93 -34
 -360 93 -34
 -360 93 -34
 -360 93 -34
 -360 93 -34
 -360 93 -34
 -360 93 -34
 -360 93 -34
 -360 93 -34
 -360 93 -34
 -372 190 3
 -372 190 3
 -372 190 3
 -372 190 3
 -372 190 3
 -372 190 3
 -372 190 3
 -372 190 3
 -372 190 3
 -372 190 3
 -372 190 3
 -372 190 3
 -372 190 3
 -372 190 3
 -372 190 3
 -372 190 3
 -372 190 3
 -372 190 3
 -372 190 3
 -372 190 3
 -372 190 3
 -331 137 27
 -331 137 27
 -331 137 27
 -331 137 27
 -331 137 27
 -331 137 27
 -331 137 27
 -331 137 27
 -331 137 27
 -331 137 27
 -331 137 27
 -331 137 27
 -331 137 27
 -331 137 27
 -331 137 27
 -331 137 27
 -331 137 27
 -331 137 27
 -331 137 27
 -331 137 27
 -331 137 27
 -307 208 62
 -307 208 62
 -307 208 62
 -307 208 62
 -307 208 62
 -307 208 62
 -307 208 62
 -307 208 62
 -307 208 62
 -307 208 62
 -307 208 62
 -307 208 62
 -307 208 62
 -307 208 62
 -307 208 62
 -307 208 62
 -307 208 62
 -307 208 62
 -307 208 62
 -307 208 62
 -253 223 84
 -253 223 84
 -253 223 84
 -253 223 84
 -253 223 84
 -253 223 84
 -253 223 84
 -253 223 84
 -253 223 84
 -253 223 84
 -253 223 84
 -253 223 84
 -253 223 84
 -253 223 84
 -253 223 84
 -253 223 84
 -253 223 84
 -253 223 84
 -253 223 84
 -253 223 84
 -253 223 84
 -187 244 108
 -187 244 108
 -187 244 108
 -187 244 108
 -187 244 108
 -187 244 108
 -187 244 108
 -187 244 108
 -187 244 108
 -187 244 108
 -187 244 108
 -187 244 108
 -187 244 108
 -187 244 108
 -187 244 108
 -187 244 108
 -187 244 108
 -187 244 108
 -187 244 108
 -187 244 108
 -187 244 108
 -112 324 101
 -112 324 101
 -112 324 101
 -112 324 101
 -112 324 101
 -112 324 101
 -112 324 101
 -112 324 101
 -112 324 101
 -112 324 101
 -112 324 101
 -112 324 101
 -112 324 101
 -112 324 101
 -112 324 101
 -112 324 101
 -112 324 101
 -112 324 101
 -112 324 101
 -112 324 101
 -59 270 111
 -59 270 111
 -59 270 111
 -59 270 111
 -59 270 111
 -59 270 111
 -59 270 111
 -59 270 111
 -59 270 111
 -59 270 111
 -59 270 111
 -59 270 111
 -59 270 111
 -59 270 111
 -59 270 111
 -59 270 111
 -59 270 111
 -59 270 111
 -59 270 111
 -59 270 111
 -59 270 111
 6 356 51
 6 356 51
 6 356 51
 6 356 51
 6 356 51
 6 356 51
 6 356 51
 6 356 51
 6 356 51
 6 356 51
 6 356 51
 6 356 51
 6 356 51
 6 356 51
 6 356 51
 6 356 51
 6 356 51
 6 356 51
 6 356 51
 6 356 51
 6 356 51
 42 350 -16
 42 350 -16
 42 350 -16
 42 350 -16
 42 350 -16
 42 350 -16
 42 350 -16
 42 350 -16
 42 350 -16
 42 350 -16
 42 350 -16
 42 350 -16
 42 350 -16
 42 350 -16
 42 350 -16
 42 350 -16
 42 350 -16
 42 350 -16
 42 350 -16
 42 350 -16
 87 355 -143
 87 355 -143
 87 355 -143
 87 355 -143
 87 355 -143
 87 355 -143
 87 355 -143
 87 355 -143
 87 355 -143
 87 355 -143
 87 355 -143
 87 355 -143
 87 355 -143
 87 355 -143
 87 355 -143
 87 355 -143
 87 355 -143
 87 355 -143
 87 355 -143
 87 355 -143
 87 355 -143
 138 306 -261
 138 306 -261
 138 306 -261
 138 306 -261
 138 306 -261
 138 306 -261
 138 306 -261
 138 306 -261
 138 306 -261
 138 306 -261
 138 306 -261
 138 306 -261
 138 306 -261
 138 306 -261
 138 306 -261
 138 306 -261
 138 306 -261
 138 306 -261
 138 306 -261
 138 306 -261
 138 306 -261
 138 306 -261
 138 306 -261
 138 306 -261
 138 306 -261
 138 306 -261
 138 306 -261
 138 306 -261
 138 306 -261
 138 306 -261
 138 306 -261
 138 306 -261
 138 306 -261
 138 306 -261
 138 306 -261
 138 306 -261
 138 306 -261
 138 306 -261
 138 306 -261
 138 306 -261
 138 306 -261
 196 146 -386
 196 146 -386
 196 146 -386
 196 146 -386
 196 146 -386
 196 146 -386
 196 146 -386
 196 146 -386
 196 146 -386
 196 146 -386
 196 146 -386
 196 146 -386
 196 146 -386
 196 146 -386
 196 146 -386
 196 146 -386
 196 146 -386
 196 146 -386
 196 146 -386
 196 146 -386
 196 146 -386
 194 86 -382
 194 86 -382
 194 86 -382
 194 86 -382
 194 86 -382
 194 86 -382
 194 86 -382
 194 86 -382
 194 86 -382
 194 86 -382
 194 86 -382
 194 86 -382
 194 86 -382
 194 86 -382
 194 86 -382
 194 86 -382
 194 86 -382
 194 86 -382
 194 86 -382
 194 86 -382
 194 -9 -382
 221 -9 -418
 221 -9 -418
 221 -9 -418
 221 -9 -418
 221 -9 -418
 221 -9 -418
 221 -9 -418
 221 -9 -418
 221 -9 -418
 221 -9 -418
 221 -9 -418
 221 -9 -418
 221 -9 -418
 221 -9 -418
 221 -9 -418
 221 -9 -418
 221 -9 -418
 221 -9 -418
 221 -9 -418
 221 -9 -418
 231 -98 -414
 231 -98 -414
 231 -98 -414
 231 -98 -414
 231 -98 -414
 231 -98 -414
 231 -98 -414
 231 -98 -414
 231 -98 -414
 231 -98 -414
 231 -98 -414
 231 -98 -414
 231 -98 -414
 231 -98 -414
 231 -98 -414
 231 -98 -414
 231 -98 -414
 231 -98 -414
 231 -98 -414
 231 -98 -414
 231 -98 -414
 220 -140 -391
 220 -140 -391
 220 -140 -391
 220 -140 -391
 220 -140 -391
 220 -140 -391
 220 -140 -391
 220 -140 -391
 220 -140 -391
 220 -140 -391
 220 -140 -391
 220 -140 -391
 220 -140 -391
 220 -140 -391
 220 -140 -391
 220 -140 -391
 220 -140 -391
 220 -140 -391
 220 -140 -391
 220 -140 -391
 220 -210 -385
 267 -210 -385
 267 -210 -385
 267 -210 -385
 267 -210 -385
 267 -210 -385
 267 -210 -385
 267 -210 -385
 267 -210 -385
 267 -210 -385
 267 -210 -385
 267 -210 -385
 267 -210 -385
 267 -210 -385
 267 -210 -385
 267 -210 -385
 267 -210 -385
 267 -210 -385
 267 -210 -385
 267 -210 -385
 267 -210 -385
 254 -180 -360
 254 -180 -360
 254 -180 -360
 254 -180 -360
 254 -180 -360
 254 -180 -360
 254 -180 -360
 254 -180 -360
 254 -180 -360
 254 -180 -360
 254 -180 -360
 254 -180 -360
 254 -180 -360
 254 -180 -360
 254 -180 -360
 254 -180 -360
 254 -180 -360
 254 -180 -360
 254 -180 -360
 254 -180 -360
 254 -180 -360
 314 -170 -343
 314 -170 -343
 314 -170 -343
 314 -170 -343
 314 -170 -343
 314 -170 -343
 314 -170 -343
 314 -170 -343
 314 -170 -343
 314 -170 -343
 314 -170 -343
 314 -170 -343
 314 -170 -343
 314 -170 -343
 314 -170 -343
 314 -170 -343
 314 -170 -343
 314 -170 -343
 314 -170 -343
 314 -170 -343
 314 -111 -323
 335 -111 -323
 335 -111 -323
 335 -111 -323
 335 -111 -323
 335 -111 -323
 335 -111 -323
 335 -111 -323
 335 -111 -323
 335 -111 -323
 335 -111 -323
 335 -111 -323
 335 -111 -323
 335 -111 -323
 335 -111 -323
 335 -111 -323
 335 -111 -323
 335 -111 -323
 335 -111 -323
 335 -111 -323
 335 -111 -323
 329 -21 -320
 329 -21 -320
 329 -21 -320
 329 -21 -320
 329 -21 -320
 329 -21 -320
 329 -21 -320
 329 -21 -320
 329 -21 -320
 329 -21 -320
 329 -21 -320
 329 -21 -320
 329 -21 -320
 329 -21 -320
 329 -21 -320
 329 -21 -320
 329 -21 -320
 329 -21 -320
 329 -21 -320
 329 -21 -320
 329 -21 -320
 357 61 -315
 357 61 -315
 357 61 -315
 357 61 -315
 357 61 -315
 357 61 -315
 357 61 -315
 357 61 -315
 357 61 -315
 357 61 -315
 357 61 -315
 357 61 -315
 357 61 -315
 357 61 -315
 357 61 -315
 357 61 -315
 357 61 -315
 357 61 -315
 357 61 -315
 357 61 -315
 490 115 -337
 234 115 -337
 234 115 -337
 234 115 -337
 234 115 -337
 234 115 -337
 234 115 -337
 234 115 -337
 234 115 -337
 234 115 -337
 234 115 -337
 234 115 -337
 234 115 -337
 234 115 -337
 234 115 -337
 234 115 -337
 234 115 -337
 234 115 -337
 234 115 -337
 234 115 -337
 234 115 -337
 187 206 -341
 187 206 -341
 187 206 -341
 187 206 -341
 187 206 -341
 187 206 -341
 187 206 -341
 187 206 -341
 187 206 -341
 187 206 -341
 187 206 -341
 187 206 -341
 187 206 -341
 187 206 -341
 187 206 -341
 187 206 -341
 187 206 -341
 187 206 -341
 187 206 -341
 187 206 -341
 187 206 -341
 71 226 -324
 71 226 -324
 71 226 -324
 71 226 -324
 71 226 -324
 71 226 -324
 71 226 -324
 71 226 -324
 71 226 -324
 71 226 -324
 71 226 -324
 71 226 -324
 71 226 -324
 71 226 -324
 71 226 -324
 71 226 -324
 71 226 -324
 71 226 -324
 71 226 -324
 71 226 -324
 15 262 -304
 15 262 -304
 15 262 -304
 15 262 -304
 15 262 -304
 15 262 -304
 15 262 -304
 15 262 -304
 15 262 -304
 15 262 -304
 15 262 -304
 15 262 -304
 15 262 -304
 15 262 -304
 15 262 -304
 15 262 -304
 15 262 -304
 15 262 -304
 15 262 -304
 15 262 -304
 15 262 -304
 -52 281 -285
 -52 281 -285
 -52 281 -285
 -52 281 -285
 -52 281 -285
 -52 281 -285
 -52 281 -285
 -52 281 -285
 -52 281 -285
 -52 281 -285
 -52 281 -285
 -52 281 -285
 -52 281 -285
 -52 281 -285
 -52 281 -285
 -52 281 -285
 -52 281 -285
 -52 281 -285
 -52 281 -285
 -52 281 -285
 -52 281 -285
 -130 219 -276
 -130 219 -276
 -130 219 -276
 -130 219 -276
 -130 219 -276
 -130 219 -276
 -130 219 -276
 -130 219 -276
 -130 219 -276
 -130 219 -276
 -130 219 -276
 -130 219 -276
 -130 219 -276
 -130 219 -276
 -130 219 -276
 -130 219 -276
 -130 219 -276
 -130 219 -276
 -130 219 -276
 -130 219 -276
 -228 218 -250
 -228 218 -250
 -228 218 -250
 -228 218 -250
 -228 218 -250
 -228 218 -250
 -228 218 -250
 -228 218 -250
 -228 218 -250
 -228 218 -250
 -228 218 -250
 -228 218 -250
 -228 218 -250
 -228 218 -250
 -228 218 -250
 -228 218 -250
 -228 218 -250
 -228 218 -250
 -228 218 -250
 -228 218 -250
 -228 218 -250
 -268 148 -235
 -268 148 -235
 -268 148 -235
 -268 148 -235
 -268 148 -235
 -268 148 -235
 -268 148 -235
 -268 148 -235
 -268 148 -235
 -268 148 -235
 -268 148 -235
 -268 148 -235
 -268 148 -235
 -268 148 -235
 -268 148 -235
 -268 148 -235
 -268 148 -235
 -268 148 -235
 -268 148 -235
 -268 148 -235
 -268 148 -235
 -324 107 -203
 -324 107 -203
 -324 107 -203
 -324 107 -203
 -324 107 -203
 -324 107 -203
 -324 107 -203
 -324 107 -203
 -324 107 -203
 -324 107 -203
 -324 107 -203
 -324 107 -203
 -324 107 -203
 -324 107 -203
 -324 107 -203
 -324 107 -203
 -324 107 -203
 -324 107 -203
 -324 107 -203
 -324 107 -203
 -359 63 -184
 -359 63 -184
 -359 63 -184
 -359 63 -184
 -359 63 -184
 -359 63 -184
 -359 63 -184
 -359 63 -184
 -359 63 -184
 -359 63 -184
 -359 63 -184
 -359 63 -184
 -359 63 -184
 -359 63 -184
 -359 63 -184
 -359 63 -184
 -359 63 -184
 -359 63 -184
 -359 63 -184
 -359 63 -184
 -359 63 -184
 -349 -2 -167
 -349 -2 -167
 -349 -2 -167
 -349 -2 -167
 -349 -2 -167
 -349 -2 -167
 -349 -2 -167
 -349 -2 -167
 -349 -2 -167
 -349 -2 -167
 -349 -2 -167
 -349 -2 -167
 -349 -2 -167
 -349 -2 -167
 -349 -2 -167
 -349 -2 -167
 -349 -2 -167
 -349 -2 -167
 -349 -2 -167
 -349 -2 -167
 -349 -2 -167
 -393 -32 -138
 -393 -32 -138
 -393 -32 -138
 -393 -32 -138
 -393 -32 -138
 -393 -32 -138
 -393 -32 -138
 -393 -32 -138
 -393 -32 -138
 -393 -32 -138
 -393 -32 -138
 -393 -32 -138
 -393 -32 -138
 -393 -32 -138
 -393 -32 -138
 -393 -32 -138
 -393 -32 -138
 -393 -32 -138
 -393 -32 -138
 -393 -32 -138
 -367 -70 -122
 -367 -70 -122
 -367 -70 -122
 -367 -70 -122
 -367 -70 -122
 -367 -70 -122
 -367 -70 -122
 -367 -70 -122
 -367 -70 -122
 -367 -70 -122
 -367 -70 -122
 -367 -70 -122
 -367 -70 -122
 -367 -70 -122
 -367 -70 -122
 -367 -70 -122
 -367 -70 -122
 -367 -70 -122
 -367 -70 -122
 -367 -70 -122
 -367 -70 -122
 -390 -68 -82
 -390 -68 -82
 -390 -68 -82
 -390 -68 -82
 -390 -68 -82
 -390 -68 -82
 -390 -68 -82
 -390 -68 -82
 -390 -68 -82
 -390 -68 -82
 -390 -68 -82
 -390 -68 -82
 -390 -68 -82
 -390 -68 -82
 -390 -68 -82
 -390 -68 -82
 -390 -68 -82
 -390 -68 -82
 -390 -68 -82
 -390 -68 -82
 -390 -68 -82
 -384 -68 -62
 -384 -68 -62
 -384 -68 -62
 -384 -68 -62
 -384 -68 -62
 -384 -68 -62
 -384 -68 -62
 -384 -68 -62
 -384 -68 -62
 -384 -68 -62
 -384 -68 -62
 -384 -68 -62
 -384 -68 -62
 -384 -68 -62
 -384 -68 -62
 -384 -68 -62
 -384 -68 -62
 -384 -68 -62
 -384 -68 -62
 -384 -68 -62
 -375 -49 -53
 -375 -49 -53
 -375 -49 -53
 -375 -49 -53
 -375 -49 -53
 -375 -49 -53
 -375 -49 -53
 -375 -49 -53
 -375 -49 -53
 -375 -49 -53
 -375 -49 -53
 -375 -49 -53
 -375 -49 -53
 -375 -49 -53
 -375 -49 -53
 -375 -49 -53
 -375 -49 -53
 -375 -49 -53
 -375 -49 -53
 -375 -49 -53
 -375 -49 -53
 -399 -10 -48
 -399 -10 -48
 -399 -10 -48
 -399 -10 -48
 -399 -10 -48
 -399 -10 -48
 -399 -10 -48
 -399 -10 -48
 -399 -10 -48
 -399 -10 -48
 -399 -10 -48
 -399 -10 -48
 -399 -10 -48
 -399 -10 -48
 -399 -10 -48
 -399 -10 -48
 -399 -10 -48
 -399 -10 -48
 -399 -10 -48
 -399 -10 -48
 -399 -10 -48
 -366 -10 -41
 -366 -10 -41
 -366 -10 -41
 -366 -10 -41
 -366 -10 -41
 -366 -10 -41
 -366 -10 -41
 -366 -10 -41
 -366 -10 -41
 -366 -10 -41
 -366 -10 -41
 -366 -10 -41
 -366 -10 -41
 -366 -10 -41
 -366 -10 -41
 -366 -10 -41
 -366 -10 -41
 -366 -10 -41
 -366 -10 -41
 -366 -10 -41
 -381 39 -10
 -381 39 -10
 -381 39 -10
 -381 39 -10
 -381 39 -10
 -381 39 -10
 -381 39 -10
 -381 39 -10
 -381 39 -10
 -381 39 -10
 -381 39 -10
 -381 39 -10
 -381 39 -10
 -381 39 -10
 -381 39 -10
 -381 39 -10
 -381 39 -10
 -381 39 -10
 -381 39 -10
 -381 39 -10
 -381 39 -10
 -355 61 11
 -355 61 11
 -355 61 11
 -355 61 11
 -355 61 11
 -355 61 11
 -355 61 11
 -355 61 11
 -355 61 11
 -355 61 11
 -355 61 11
 -355 61 11
 -355 61 11
 -355 61 11
 -355 61 11
 -355 61 11
 -355 61 11
 -355 61 11
 -355 61 11
 -355 61 11
 -355 61 11
 -330 112 38
 -330 112 38
 -330 112 38
 -330 112 38
 -330 112 38
 -330 112 38
 -330 112 38
 -330 112 38
 -330 112 38
 -330 112 38
 -330 112 38
 -330 112 38
 -330 112 38
 -330 112 38
 -330 112 38
 -330 112 38
 -330 112 38
 -330 112 38
 -330 112 38
 -330 112 38
 -302 178 60
 -302 178 60
 -302 178 60
 -302 178 60
 -302 178 60
 -302 178 60
 -302 178 60
 -302 178 60
 -302 178 60
 -302 178 60
 -302 178 60
 -302 178 60
 -302 178 60
 -302 178 60
 -302 178 60
 -302 178 60
 -302 178 60
 -302 178 60
 -302 178 60
 -302 178 60
 -302 178 60
 -243 179 77
 -243 179 77
 -243 179 77
 -243 179 77
 -243 179 77
 -243 179 77
 -243 179 77
 -243 179 77
 -243 179 77
 -243 179 77
 -243 179 77
 -243 179 77
 -243 179 77
 -243 179 77
 -243 179 77
 -243 179 77
 -243 179 77
 -243 179 77
 -243 179 77
 -243 179 77
 -243 179 77
 -189 254 110
 -189 254 110
 -189 254 110
 -189 254 110
 -189 254 110
 -189 254 110
 -189 254 110
 -189 254 110
 -189 254 110
 -189 254 110
 -189 254 110
 -189 254 110
 -189 254 110
 -189 254 110
 -189 254 110
 -189 254 110
 -189 254 110
 -189 254 110
 -189 254 110
 -189 254 110
 -118 247 115
 -118 247 115
 -118 247 115
 -118 247 115
 -118 247 115
 -118 247 115
 -118 247 115
 -118 247 115
 -118 247 115
 -118 247 115
 -118 247 115
 -118 247 115
 -118 247 115
 -118 247 115
 -118 247 115
 -118 247 115
 -118 247 115
 -118 247 115
 -118 247 115
 -118 247 115
 -118 247 115
 -42 280 127
 -42 280 127
 -42 280 127
 -42 280 127
 -42 280 127
 -42 280 127
 -42 280 127
 -42 280 127
 -42 280 127
 -42 280 127
 -42 280 127
 -42 280 127
 -42 280 127
 -42 280 127
 -42 280 127
 -42 280 127
 -42 280 127
 -42 280 127
 -42 280 127
 -42 280 127
 -42 280 127
 -42 280 127
 -42 280 127
 -42 280 127
 -42 280 127
 -42 280 127
 -42 280 127
 -42 280 127
 -42 280 127
 -42 280 127
 -42 280 127
 -42 280 127
 -42 280 127
 -42 280 127
 -42 280 127
 -42 280 127
 -42 280 127
 -42 280 127
 -42 280 127
 -42 280 127
 -42 280 127
 71 238 134
 71 238 134
 71 238 134
 71 238 134
 71 238 134
 71 238 134
 71 238 134
 71 238 134
 71 238 134
 71 238 134
 71 238 134
 71 238 134
 71 238 134
 71 238 134
 71 238 134
 71 238 134
 71 238 134
 71 238 134
 71 238 134
 71 238 134
 71 238 134
 149 262 137
 149 262 137
 149 262 137
 149 262 137
 149 262 137
 149 262 137
 149 262 137
 149 262 137
 149 262 137
 149 262 137
 149 262 137
 149 262 137
 149 262 137
 149 262 137
 149 262 137
 149 262 137
 149 262 137
 149 262 137
 149 262 137
 149 262 137
 149 262 137
 149 262 137
 149 262 137
 149 262 137
 149 262 137
 149 262 137
 149 262 137
 149 262 137
 149 262 137
 149 262 137
 149 262 137
 149 262 137
 149 262 137
 149 262 137
 149 262 137
 149 262 137
 149 262 137
 149 262 137
 149 262 137
 149 262 137
 149 262 137
 173 184 168
 173 184 168
 173 184 168
 173 184 168
 173 184 168
 173 184 168
 173 184 168
 173 184 168
 173 184 168
 173 184 168
 173 184 168
 173 184 168
 173 184 168
 173 184 168
 173 184 168
 173 184 168
 173 184 168
 173 184 168
 173 184 168
 173 184 168
 173 184 168
 172 134 194
 172 134 194
 172 134 194
 172 134 194
 172 134 194
 172 134 194
 172 134 194
 172 134 194
 172 134 194
 172 134 194
 172 134 194
 172 134 194
 172 134 194
 172 134 194
 172 134 194
 172 134 194
 172 134 194
 172 134 194
 172 134 194
 172 134 194
 172 80 206
 155 80 206
 155 80 206
 155 80 206
 155 80 206
 155 80 206
 155 80 206
 155 80 206
 155 80 206
 155 80 206
 155 80 206
 155 80 206
 155 80 206
 155 80 206
 155 80 206
 155 80 206
 155 80 206
 155 80 206
 155 80 206
 155 80 206
 155 80 206
 185 71 227
 185 71 227
 185 71 227
 185 71 227
 185 71 227
 185 71 227
 185 71 227
 185 71 227
 185 71 227
 185 71 227
 185 71 227
 185 71 227
 185 71 227
 185 71 227
 185 71 227
 185 71 227
 185 71 227
 185 71 227
 185 71 227
 185 71 227
 185 71 227
 124 -24 233
 124 -24 233
 124 -24 233
 124 -24 233
 124 -24 233
 124 -24 233
 124 -24 233
 124 -24 233
 124 -24 233
 124 -24 233
 124 -24 233
 124 -24 233
 124 -24 233
 124 -24 233
 124 -24 233
 124 -24 233
 124 -24 233
 124 -24 233
 124 -24 233
 124 -24 233
 124 -21 255
 150 -21 255
 150 -21 255
 150 -21 255
 150 -21 255
 150 -21 255
 150 -21 255
 150 -21 255
 150 -21 255
 150 -21 255
 150 -21 255
 150 -21 255
 150 -21 255
 150 -21 255
 150 -21 255
 150 -21 255
 150 -21 255
 150 -21 255
 150 -21 255
 150 -21 255
 150 -21 255
 98 -93 243
 98 -93 243
 98 -93 243
 98 -93 243
 98 -93 243
 98 -93 243
 98 -93 243
 98 -93 243
 98 -93 243
 98 -93 243
 98 -93 243
 98 -93 243
 98 -93 243
 98 -93 243
 98 -93 243
 98 -93 243
 98 -93 243
 98 -93 243
 98 -93 243
 98 -93 243
 98 -93 243
 57 -137 254
 57 -137 254
 57 -137 254
 57 -137 254
 57 -137 254
 57 -137 254
 57 -137 254
 57 -137 254
 57 -137 254
 57 -137 254
 57 -137 254
 57 -137 254
 57 -137 254
 57 -137 254
 57 -137 254
 57 -137 254
 57 -137 254
 57 -137 254
 57 -137 254
 57 -137 254
 33 -156 267
 33 -156 267
 33 -156 267
 33 -156 267
 33 -156 267
 33 -156 267
 33 -156 267
 33 -156 267
 33 -156 267
 33 -156 267
 33 -156 267
 33 -156 267
 33 -156 267
 33 -156 267
 33 -156 267
 33 -156 267
 33 -156 267
 33 -156 267
 33 -156 267
 33 -156 267
 33 -156 267
 -56 -206 214
 -56 -206 214
 -56 -206 214
 -56 -206 214
 -56 -206 214
 -56 -206 214
 -56 -206 214
 -56 -206 214
 -56 -206 214
 -56 -206 214
 -56 -206 214
 -56 -206 214
 -56 -206 214
 -56 -206 214
 -56 -206 214
 -56 -206 214
 -56 -206 214
 -56 -206 214
 -56 -206 214
 -56 -206 214
 -56 -206 214
 -40 -198 266
 -40 -198 266
 -40 -198 266
 -40 -198 266
 -40 -198 266
 -40 -198 266
 -40 -198 266
 -40 -198 266
 -40 -198 266
 -40 -198 266
 -40 -198 266
 -40 -198 266
 -40 -198 266
 -40 -198 266
 -40 -198 266
 -40 -198 266
 -40 -198 266
 -40 -198 266
 -40 -198 266
 -40 -198 266
 -94 -224 212
 -94 -224 212
 -94 -224 212
 -94 -224 212
 -94 -224 212
 -94 -224 212
 -94 -224 212
 -94 -224 212
 -94 -224 212
 -94 -224 212
 -94 -224 212
 -94 -224 212
 -94 -224 212
 -94 -224 212
 -94 -224 212
 -94 -224 212
 -94 -224 212
 -94 -224 212
 -94 -224 212
 -94 -224 212
 -94 -224 212
 -98 -234 230
 -98 -234 230
 -98 -234 230
 -98 -234 230
 -98 -234 230
 -98 -234 230
 -98 -234 230
 -98 -234 230
 -98 -234 230
 -98 -234 230
 -98 -234 230
 -98 -234 230
 -98 -234 230
 -98 -234 230
 -98 -234 230
 -98 -234 230
 -98 -234 230
 -98 -234 230
 -98 -234 230
 -98 -234 230
 -98 -234 230
 -113 -235 225
 -113 -235 225
 -113 -235 225
 -113 -235 225
 -113 -235 225
 -113 -235 225
 -113 -235 225
 -113 -235 225
 -113 -235 225
 -113 -235 225
 -113 -235 225
 -113 -235 225
 -113 -235 225
 -113 -235 225
 -113 -235 225
 -113 -235 225
 -113 -235 225
 -113 -235 225
 -113 -235 225
 -113 -235 225
 -140 -235 182
 -140 -235 182
 -140 -235 182
 -140 -235 182
 -140 -235 182
 -140 -235 182
 -140 -235 182
 -140 -235 182
 -140 -235 182
 -140 -235 182
 -140 -235 182
 -140 -235 182
 -140 -235 182
 -140 -235 182
 -140 -235 182
 -140 -235 182
 -140 -235 182
 -140 -235 182
 -140 -235 182
 -140 -235 182
 -140 -235 182
 -107 -219 262
 -107 -219 262
 -107 -219 262
 -107 -219 262
 -107 -219 262
 -107 -219 262
 -107 -219 262
 -107 -219 262
 -107 -219 262
 -107 -219 262
 -107 -219 262
 -107 -219 262
 -107 -219 262
 -107 -219 262
 -107 -219 262
 -107 -219 262
 -107 -219 262
 -107 -219 262
 -107 -219 262
 -107 -219 262
 -107 -219 262
 -118 -175 212
 -118 -175 212
 -118 -175 212
 -118 -175 212
 -118 -175 212
 -118 -175 212
 -118 -175 212
 -118 -175 212
 -118 -175 212
 -118 -175 212
 -118 -175 212
 -118 -175 212
 -118 -175 212
 -118 -175 212
 -118 -175 212
 -118 -175 212
 -118 -175 212
 -118 -175 212
 -118 -175 212
 -118 -175 212
 -79 -85 276
 -79 -85 276
 -79 -85 276
 -79 -85 276
 -79 -85 276
 -79 -85 276
 -79 -85 276
 -79 -85 276
 -79 -85 276
 -79 -85 276
 -79 -85 276
 -79 -85 276
 -79 -85 276
 -79 -85 276
 -79 -85 276
 -79 -85 276
 -79 -85 276
 -79 -85 276
 -79 -85 276
 -79 -85 276
 -79 -85 276
 -54 -13 260
 -54 -13 260
 -54 -13 260
 -54 -13 260
 -54 -13 260
 -54 -13 260
 -54 -13 260
 -54 -13 260
 -54 -13 260
 -54 -13 260
 -54 -13 260
 -54 -13 260
 -54 -13 260
 -54 -13 260
 -54 -13 260
 -54 -13 260
 -54 -13 260
 -54 -13 260
 -54 -13 260
 -54 -13 260
 -54 -13 260
 -33 60 240
 -33 60 240
 -33 60 240
 -33 60 240
 -33 60 240
 -33 60 240
 -33 60 240
 -33 60 240
 -33 60 240
 -33 60 240
 -33 60 240
 -33 60 240
 -33 60 240
 -33 60 240
 -33 60 240
 -33 60 240
 -33 60 240
 -33 60 240
 -33 60 240
 -33 60 240
 62 198 227
 62 198 227
 62 198 227
 62 198 227
 62 198 227
 62 198 227
 62 198 227
 62 198 227
 62 198 227
 62 198 227
 62 198 227
 62 198 227
 62 198 227
 62 198 227
 62 198 227
 62 198 227
 62 198 227
 62 198 227
 62 198 227
 62 198 227
 62 198 227
 38 185 178
 38 185 178
 38 185 178
 38 185 178
 38 185 178
 38 185 178
 38 185 178
 38 185 178
 38 185 178
 38 185 178
 38 185 178
 38 185 178
 38 185 178
 38 185 178
 38 185 178
 38 185 178
 38 185 178
 38 185 178
 38 185 178
 38 185 178
 38 185 178
 106 286 118
 106 286 118
 106 286 118
 106 286 118
 106 286 118
 106 286 118
 106 286 118
 106 286 118
 106 286 118
 106 286 118
 106 286 118
 106 286 118
 106 286 118
 106 286 118
 106 286 118
 106 286 118
 106 286 118
 106 286 118
 106 286 118
 106 286 118
 102 292 85
 102 292 85
 102 292 85
 102 292 85
 102 292 85
 102 292 85
 102 292 85
 102 292 85
 102 292 85
 102 292 85
 102 292 85
 102 292 85
 102 292 85
 102 292 85
 102 292 85
 102 292 85
 102 292 85
 102 292 85
 102 292 85
 102 292 85
 102 292 85
 115 325 14
 115 325 14
 115 325 14
 115 325 14
 115 325 14
 115 325 14
 115 325 14
 115 325 14
 115 325 14
 115 325 14
 115 325 14
 115 325 14
 115 325 14
 115 325 14
 115 325 14
 115 325 14
 115 325 14
 115 325 14
 115 325 14
 115 325 14
 115 325 14
 149 354 -80
 149 354 -80
 149 354 -80
 149 354 -80
 149 354 -80
 149 354 -80
 149 354 -80
 149 354 -80
 149 354 -80
 149 354 -80
 149 354 -80
 149 354 -80
 149 354 -80
 149 354 -80
 149 354 -80
 149 354 -80
 149 354 -80
 149 354 -80
 149 354 -80
 149 354 -80
 114 332 -113
 114 332 -113
 114 332 -113
 114 332 -113
 114 332 -113
 114 332 -113
 114 332 -113
 114 332 -113
 114 332 -113
 114 332 -113
 114 332 -113
 114 332 -113
 114 332 -113
 114 332 -113
 114 332 -113
 114 332 -113
 114 332 -113
 114 332 -113
 114 332 -113
 114 332 -113
 114 332 -113
 161 308 -254
 161 308 -254
 161 308 -254
 161 308 -254
 161 308 -254
 161 308 -254
 161 308 -254
 161 308 -254
 161 308 -254
 161 308 -254
 161 308 -254
 161 308 -254
 161 308 -254
 161 308 -254
 161 308 -254
 161 308 -254
 161 308 -254
 161 308 -254
 161 308 -254
 161 308 -254
 161 308 -254
 146 252 -293
 146 252 -293
 146 252 -293
 146 252 -293
 146 252 -293
 146 252 -293
 146 252 -293
 146 252 -293
 146 252 -293
 146 252 -293
 146 252 -293
 146 252 -293
 146 252 -293
 146 252 -293
 146 252 -293
 146 252 -293
 146 252 -293
 146 252 -293
 146 252 -293
 146 252 -293
 175 174 -367
 175 174 -367
 175 174 -367
 175 174 -367
 175 174 -367
 175 174 -367
 175 174 -367
 175 174 -367
 175 174 -367
 175 174 -367
 175 174 -367
 175 174 -367
 175 174 -367
 175 174 -367
 175 174 -367
 175 174 -367
 175 174 -367
 175 174 -367
 175 174 -367
 175 174 -367
 175 174 -367
 201 89 -401
 201 89 -401
 201 89 -401
 201 89 -401
 201 89 -401
 201 89 -401
 201 89 -401
 201 89 -401
 201 89 -401
 201 89 -401
 201 89 -401
 201 89 -401
 201 89 -401
 201 89 -401
 201 89 -401
 201 89 -401
 201 89 -401
 201 89 -401
 201 89 -401
 201 89 -401
 201 89 -401
 181 35 -405
 181 35 -405
 181 35 -405
 181 35 -405
 181 35 -405
 181 35 -405
 181 35 -405
 181 35 -405
 181 35 -405
 181 35 -405
 181 35 -405
 181 35 -405
 181 35 -405
 181 35 -405
 181 35 -405
 181 35 -405
 181 35 -405
 181 35 -405
 181 35 -405
 181 35 -405
 222 -89 -428
 222 -89 -428
 222 -89 -428
 222 -89 -428
 222 -89 -428
 222 -89 -428
 222 -89 -428
 222 -89 -428
 222 -89 -428
 222 -89 -428
 222 -89 -428
 222 -89 -428
 222 -89 -428
 222 -89 -428
 222 -89 -428
 222 -89 -428
 222 -89 -428
 222 -89 -428
 222 -89 -428
 222 -89 -428
 222 -89 -428
 186 -134 -405
 186 -134 -405
 186 -134 -405
 186 -134 -405
 186 -134 -405
 186 -134 -405
 186 -134 -405
 186 -134 -405
 186 -134 -405
 186 -134 -405
 186 -134 -405
 186 -134 -405
 186 -134 -405
 186 -134 -405
 186 -134 -405
 186 -134 -405
 186 -134 -405
 186 -134 -405
 186 -134 -405
 186 -134 -405
 186 -134 -405
 199 -202 -407
 199 -202 -407
 199 -202 -407
 199 -202 -407
 199 -202 -407
 199 -202 -407
 199 -202 -407
 199 -202 -407
 199 -202 -407
 199 -202 -407
 199 -202 -407
 199 -202 -407
 199 -202 -407
 199 -202 -407
 199 -202 -407
 199 -202 -407
 199 -202 -407
 199 -202 -407
 199 -202 -407
 199 -202 -407
 174 -236 -389
 174 -236 -389
 174 -236 -389
 174 -236 -389
 174 -236 -389
 174 -236 -389
 174 -236 -389
 174 -236 -389
 174 -236 -389
 174 -236 -389
 174 -236 -389
 174 -236 -389
 174 -236 -389
 174 -236 -389
 174 -236 -389
 174 -236 -389
 174 -236 -389
 174 -236 -389
 174 -236 -389
 174 -236 -389
 174 -236 -389
 163 -249 -373
 163 -249 -373
 163 -249 -373
 163 -249 -373
 163 -249 -373
 163 -249 -373
 163 -249 -373
 163 -249 -373
 163 -249 -373
 163 -249 -373
 163 -249 -373
 163 -249 -373
 163 -249 -373
 163 -249 -373
 163 -249 -373
 163 -249 -373
 163 -249 -373
 163 -249 -373
 163 -249 -373
 163 -249 -373
 163 -249 -373
 163 -249 -373
 163 -249 -373
 163 -249 -373
 163 -249 -373
 163 -249 -373
 163 -249 -373
 163 -249 -373
 163 -249 -373
 163 -249 -373
 163 -249 -373
 163 -249 -373
 163 -249 -373
 163 -249 -373
 163 -249 -373
 163 -249 -373
 163 -249 -373
 163 -249 -373
 163 -249 -373
 163 -249 -373
 163 -249 -373
 170 -246 -364
 170 -246 -364
 170 -246 -364
 170 -246 -364
 170 -246 -364
 170 -246 -364
 170 -246 -364
 170 -246 -364
 170 -246 -364
 170 -246 -364
 170 -246 -364
 170 -246 -364
 170 -246 -364
 170 -246 -364
 170 -246 -364
 170 -246 -364
 170 -246 -364
 170 -246 -364
 170 -246 -364
 170 -246 -364
 170 -246 -364
 211 -238 -375
 211 -238 -375
 211 -238 -375
 211 -238 -375
 211 -238 -375
 211 -238 -375
 211 -238 -375
 211 -238 -375
 211 -238 -375
 211 -238 -375
 211 -238 -375
 211 -238 -375
 211 -238 -375
 211 -238 -375
 211 -238 -375
 211 -238 -375
 211 -238 -375
 211 -238 -375
 211 -238 -375
 211 -238 -375
 211 -238 -375
 211 -238 -375
 211 -238 -375
 211 -238 -375
 211 -238 -375
 211 -238 -375
 211 -238 -375
 211 -238 -375
 211 -238 -375
 211 -238 -375
 211 -238 -375
 211 -238 -375
 211 -238 -375
 211 -238 -375
 211 -238 -375
 211 -238 -375
 211 -238 -375
 211 -238 -375
 211 -238 -375
 211 -238 -375
 211 -238 -375
 212 -34 -411
 212 -34 -411
 212 -34 -411
 212 -34 -411
 212 -34 -411
 212 -34 -411
 212 -34 -411
 212 -34 -411
 212 -34 -411
 212 -34 -411
 212 -34 -411
 212 -34 -411
 212 -34 -411
 212 -34 -411
 212 -34 -411
 212 -34 -411
 212 -34 -411
 212 -34 -411
 212 -34 -411
 212 -34 -411
 212 -34 -411
 223 76 -398
 223 76 -398
 223 76 -398
 223 76 -398
 223 76 -398
 223 76 -398
 223 76 -398
 223 76 -398
 223 76 -398
 223 76 -398
 223 76 -398
 223 76 -398
 223 76 -398
 223 76 -398
 223 76 -398
 223 76 -398
 223 76 -398
 223 76 -398
 223 76 -398
 223 76 -398
 223 76 -398
 223 76 -398
 223 76 -398
 223 76 -398
 223 76 -398
 223 76 -398
 223 76 -398
 223 76 -398
 223 76 -398
 223 76 -398
 223 76 -398
 223 76 -398
 223 76 -398
 223 76 -398
 223 76 -398
 223 76 -398
 223 76 -398
 223 76 -398
 223 76 -398
 223 76 -398
 223 76 -398
 171 295 -262
 171 295 -262
 171 295 -262
 171 295 -262
 171 295 -262
 171 295 -262
 171 295 -262
 171 295 -262
 171 295 -262
 171 295 -262
 171 295 -262
 171 295 -262
 171 295 -262
 171 295 -262
 171 295 -262
 171 295 -262
 171 295 -262
 171 295 -262
 171 295 -262
 171 295 -262
 171 295 -262
 112 333 -136
 112 333 -136
 112 333 -136
 112 333 -136
 112 333 -136
 112 333 -136
 112 333 -136
 112 333 -136
 112 333 -136
 112 333 -136
 112 333 -136
 112 333 -136
 112 333 -136
 112 333 -136
 112 333 -136
 112 333 -136
 112 333 -136
 112 333 -136
 112 333 -136
 112 333 -136
 112 333 -136
 112 333 -136
 112 333 -136
 112 333 -136
 112 333 -136
 112 333 -136
 112 333 -136
 112 333 -136
 112 333 -136
 112 333 -136
 112 333 -136
 112 333 -136
 112 333 -136
 112 333 -136
 112 333 -136
 112 333 -136
 112 333 -136
 112 333 -136
 112 333 -136
 112 333 -136
 112 333 -136
 105 337 30
 105 337 30
 105 337 30
 105 337 30
 105 337 30
 105 337 30
 105 337 30
 105 337 30
 105 337 30
 105 337 30
 105 337 30
 105 337 30
 105 337 30
 105 337 30
 105 337 30
 105 337 30
 105 337 30
 105 337 30
 105 337 30
 105 337 30
 105 337 30
 72 293 74
 72 293 74
 72 293 74
 72 293 74
 72 293 74
 72 293 74
 72 293 74
 72 293 74
 72 293 74
 72 293 74
 72 293 74
 72 293 74
 72 293 74
 72 293 74
 72 293 74
 72 293 74
 72 293 74
 72 293 74
 72 293 74
 72 293 74
 72 349 48
 110 349 48
 110 349 48
 110 349 48
 110 349 48
 110 349 48
 110 349 48
 110 349 48
 110 349 48
 110 349 48
 110 349 48
 110 349 48
 110 349 48
 110 349 48
 110 349 48
 110 349 48
 110 349 48
 110 349 48
 110 349 48
 110 349 48
 110 349 48
 50 295 76
 50 295 76
 50 295 76
 50 295 76
 50 295 76
 50 295 76
 50 295 76
 50 295 76
 50 295 76
 50 295 76
 50 295 76
 50 295 76
 50 295 76
 50 295 76
 50 295 76
 50 295 76
 50 295 76
 50 295 76
 50 295 76
 50 295 76
 50 295 76
 28 334 69
 28 334 69
 28 334 69
 28 334 69
 28 334 69
 28 334 69
 28 334 69
 28 334 69
 28 334 69
 28 334 69
 28 334 69
 28 334 69
 28 334 69
 28 334 69
 28 334 69
 28 334 69
 28 334 69
 28 334 69
 28 334 69
 28 334 69
 28 322 73
 -19 322 73
 -19 322 73
 -19 322 73
 -19 322 73
 -19 322 73
 -19 322 73
 -19 322 73
 -19 322 73
 -19 322 73
 -19 322 73
 -19 322 73
 -19 322 73
 -19 322 73
 -19 322 73
 -19 322 73
 -19 322 73
 -19 322 73
 -19 322 73
 -19 322 73
 -19 322 73
 -77 300 67
 -77 300 67
 -77 300 67
 -77 300 67
 -77 300 67
 -77 300 67
 -77 300 67
 -77 300 67
 -77 300 67
 -77 300 67
 -77 300 67
 -77 300 67
 -77 300 67
 -77 300 67
 -77 300 67
 -77 300 67
 -77 300 67
 -77 300 67
 -77 300 67
 -77 300 67
 -77 300 67
 -78 357 44
 -78 357 44
 -78 357 44
 -78 357 44
 -78 357 44
 -78 357 44
 -78 357 44
 -78 357 44
 -78 357 44
 -78 357 44
 -78 357 44
 -78 357 44
 -78 357 44
 -78 357 44
 -78 357 44
 -78 357 44
 -78 357 44
 -78 357 44
 -78 357 44
 -78 357 44
 -78 294 251
 -157 294 -6
 -157 294 -6
 -157 294 -6
 -157 294 -6
 -157 294 -6
 -157 294 -6
 -157 294 -6
 -157 294 -6
 -157 294 -6
 -157 294 -6
 -157 294 -6
 -157 294 -6
 -157 294 -6
 -157 294 -6
 -157 294 -6
 -157 294 -6
 -157 294 -6
 -157 294 -6
 -157 294 -6
 -157 294 -6
 -136 350 -42
 -136 350 -42
 -136 350 -42
 -136 350 -42
 -136 350 -42
 -136 350 -42
 -136 350 -42
 -136 350 -42
 -136 350 -42
 -136 350 -42
 -136 350 -42
 -136 350 -42
 -136 350 -42
 -136 350 -42
 -136 350 -42
 -136 350 -42
 -136 350 -42
 -136 350 -42
 -136 350 -42
 -136 350 -42
 -136 350 -42
 -168 311 -112
 -168 311 -112
 -168 311 -112
 -168 311 -112
 -168 311 -112
 -168 311 -112
 -168 311 -112
 -168 311 -112
 -168 311 -112
 -168 311 -112
 -168 311 -112
 -168 311 -112
 -168 311 -112
 -168 311 -112
 -168 311 -112
 -168 311 -112
 -168 311 -112
 -168 311 -112
 -168 311 -112
 -168 311 -112
 -156 306 -168
 -156 306 -168
 -156 306 -168
 -156 306 -168
 -156 306 -168
 -156 306 -168
 -156 306 -168
 -156 306 -168
 -156 306 -168
 -156 306 -168
 -156 306 -168
 -156 306 -168
 -156 306 -168
 -156 306 -168
 -156 306 -168
 -156 306 -168
 -156 306 -168
 -156 306 -168
 -156 306 -168
 -156 306 -168
 -156 306 -168
 -135 328 -204
 -135 328 -204
 -135 328 -204
 -135 328 -204
 -135 328 -204
 -135 328 -204
 -135 328 -204
 -135 328 -204
 -135 328 -204
 -135 328 -204
 -135 328 -204
 -135 328 -204
 -135 328 -204
 -135 328 -204
 -135 328 -204
 -135 328 -204
 -135 328 -204
 -135 328 -204
 -135 328 -204
 -135 328 -204
 -135 328 -204
 -108 247 -266
 -108 247 -266
 -108 247 -266
 -108 247 -266
 -108 247 -266
 -108 247 -266
 -108 247 -266
 -108 247 -266
 -108 247 -266
 -108 247 -266
 -108 247 -266
 -108 247 -266
 -108 247 -266
 -108 247 -266
 -108 247 -266
 -108 247 -266
 -108 247 -266
 -108 247 -266
 -108 247 -266
 -108 247 -266
 -72 308 -272
 -72 308 -272
 -72 308 -272
 -72 308 -272
 -72 308 -272
 -72 308 -272
 -72 308 -272
 -72 308 -272
 -72 308 -272
 -72 308 -272
 -72 308 -272
 -72 308 -272
 -72 308 -272
 -72 308 -272
 -72 308 -272
 -72 308 -272
 -72 308 -272
 -72 308 -272
 -72 308 -272
 -72 308 -272
 -72 308 -272
 -4 246 -310
 -4 246 -310
 -4 246 -310
 -4 246 -310
 -4 246 -310
 -4 246 -310
 -4 246 -310
 -4 246 -310
 -4 246 -310
 -4 246 -310
 -4 246 -310
 -4 246 -310
 -4 246 -310
 -4 246 -310
 -4 246 -310
 -4 246 -310
 -4 246 -310
 -4 246 -310
 -4 246 -310
 -4 246 -310
 -4 246 -310
 32 262 -314
 32 262 -314
 32 262 -314
 32 262 -314
 32 262 -314
 32 262 -314
 32 262 -314
 32 262 -314
 32 262 -314
 32 262 -314
 32 262 -314
 32 262 -314
 32 262 -314
 32 262 -314
 32 262 -314
 32 262 -314
 32 262 -314
 32 262 -314
 32 262 -314
 32 262 -314
 39 264 -318
 39 264 -318
 39 264 -318
 39 264 -318
 39 264 -318
 39 264 -318
 39 264 -318
 39 264 -318
 39 264 -318
 39 264 -318
 39 264 -318
 39 264 -318
 39 264 -318
 39 264 -318
 39 264 -318
 39 264 -318
 39 264 -318
 39 264 -318
 39 264 -318
 39 264 -318
 39 264 -318
 60 206 -335
 60 206 -335
 60 206 -335
 60 206 -335
 60 206 -335
 60 206 -335
 60 206 -335
 60 206 -335
 60 206 -335
 60 206 -335
 60 206 -335
 60 206 -335
 60 206 -335
 60 206 -335
 60 206 -335
 60 206 -335
 60 206 -335
 60 206 -335
 60 206 -335
 60 206 -335
 60 206 -335
 15 245 -351
 15 245 -351
 15 245 -351
 15 245 -351
 15 245 -351
 15 245 -351
 15 245 -351
 15 245 -351
 15 245 -351
 15 245 -351
 15 245 -351
 15 245 -351
 15 245 -351
 15 245 -351
 15 245 -351
 15 245 -351
 15 245 -351
 15 245 -351
 15 245 -351
 15 245 -351
 64 182 -359
 64 182 -359
 64 182 -359
 64 182 -359
 64 182 -359
 64 182 -359
 64 182 -359
 64 182 -359
 64 182 -359
 64 182 -359
 64 182 -359
 64 182 -359
 64 182 -359
 64 182 -359
 64 182 -359
 64 182 -359
 64 182 -359
 64 182 -359
 64 182 -359
 64 182 -359
 64 182 -359
 31 208 -368
 31 208 -368
 31 208 -368
 31 208 -368
 31 208 -368
 31 208 -368
 31 208 -368
 31 208 -368
 31 208 -368
 31 208 -368
 31 208 -368
 31 208 -368
 31 208 -368
 31 208 -368
 31 208 -368
 31 208 -368
 31 208 -368
 31 208 -368
 31 208 -368
 31 208 -368
 31 208 -368
 19 190 -368
 19 190 -368
 19 190 -368
 19 190 -368
 19 190 -368
 19 190 -368
 19 190 -368
 19 190 -368
 19 190 -368
 19 190 -368
 19 190 -368
 19 190 -368
 19 190 -368
 19 190 -368
 19 190 -368
 19 190 -368
 19 190 -368
 19 190 -368
 19 190 -368
 19 190 -368
 -2 163 -367
 -2 163 -367
 -2 163 -367
 -2 163 -367
 -2 163 -367
 -2 163 -367
 -2 163 -367
 -2 163 -367
 -2 163 -367
 -2 163 -367
 -2 163 -367
 -2 163 -367
 -2 163 -367
 -2 163 -367
 -2 163 -367
 -2 163 -367
 -2 163 -367
 -2 163 -367
 -2 163 -367
 -2 163 -367
 -2 163 -367
 -85 224 -358
 -85 224 -358
 -85 224 -358
 -85 224 -358
 -85 224 -358
 -85 224 -358
 -85 224 -358
 -85 224 -358
 -85 224 -358
 -85 224 -358
 -85 224 -358
 -85 224 -358
 -85 224 -358
 -85 224 -358
 -85 224 -358
 -85 224 -358
 -85 224 -358
 -85 224 -358
 -85 224 -358
 -85 224 -358
 -85 224 -358
 -93 171 -340
 -93 171 -340
 -93 171 -340
 -93 171 -340
 -93 171 -340
 -93 171 -340
 -93 171 -340
 -93 171 -340
 -93 171 -340
 -93 171 -340
 -93 171 -340
 -93 171 -340
 -93 171 -340
 -93 171 -340
 -93 171 -340
 -93 171 -340
 -93 171 -340
 -93 171 -340
 -93 171 -340
 -93 171 -340
 -159 246 -293
 -159 246 -293
 -159 246 -293
 -159 246 -293
 -159 246 -293
 -159 246 -293
 -159 246 -293
 -159 246 -293
 -159 246 -293
 -159 246 -293
 -159 246 -293
 -159 246 -293
 -159 246 -293
 -159 246 -293
 -159 246 -293
 -159 246 -293
 -159 246 -293
 -159 246 -293
 -159 246 -293
 -159 246 -293
 -159 246 -293
 -193 233 -255
 -193 233 -255
 -193 233 -255
 -193 233 -255
 -193 233 -255
 -193 233 -255
 -193 233 -255
 -193 233 -255
 -193 233 -255
 -193 233 -255
 -193 233 -255
 -193 233 -255
 -193 233 -255
 -193 233 -255
 -193 233 -255
 -193 233 -255
 -193 233 -255
 -193 233 -255
 -193 233 -255
 -193 233 -255
 -193 233 -255
 -228 245 -192
 -228 245 -192
 -228 245 -192
 -228 245 -192
 -228 245 -192
 -228 245 -192
 -228 245 -192
 -228 245 -192
 -228 245 -192
 -228 245 -192
 -228 245 -192
 -228 245 -192
 -228 245 -192
 -228 245 -192
 -228 245 -192
 -228 245 -192
 -228 245 -192
 -228 245 -192
 -228 245 -192
 -228 245 -192
 -246 308 -119
 -246 308 -119
 -246 308 -119
 -246 308 -119
 -246 308 -119
 -246 308 -119
 -246 308 -119
 -246 308 -119
 -246 308 -119
 -246 308 -119
 -246 308 -119
 -246 308 -119
 -246 308 -119
 -246 308 -119
 -246 308 -119
 -246 308 -119
 -246 308 -119
 -246 308 -119
 -246 308 -119
 -246 308 -119
 -246 308 -119
 -260 223 -45
 -260 223 -45
 -260 223 -45
 -260 223 -45
 -260 223 -45
 -260 223 -45
 -260 223 -45
 -260 223 -45
 -260 223 -45
 -260 223 -45
 -260 223 -45
 -260 223 -45
 -260 223 -45
 -260 223 -45
 -260 223 -45
 -260 223 -45
 -260 223 -45
 -260 223 -45
 -260 223 -45
 -260 223 -45
 -260 223 -45
 -207 296 67
 -207 296 67
 -207 296 67
 -207 296 67
 -207 296 67
 -207 296 67
 -207 296 67
 -207 296 67
 -207 296 67
 -207 296 67
 -207 296 67
 -207 296 67
 -207 296 67
 -207 296 67
 -207 296 67
 -207 296 67
 -207 296 67
 -207 296 67
 -207 296 67
 -207 296 67
 -169 220 125
 -169 220 125
 -169 220 125
 -169 220 125
 -169 220 125
 -169 220 125
 -169 220 125
 -169 220 125
 -169 220 125
 -169 220 125
 -169 220 125
 -169 220 125
 -169 220 125
 -169 220 125
 -169 220 125
 -169 220 125
 -169 220 125
 -169 220 125
 -169 220 125
 -169 220 125
 -169 220 125
 -98 234 167
 -98 234 167
 -98 234 167
 -98 234 167
 -98 234 167
 -98 234 167
 -98 234 167
 -98 234 167
 -98 234 167
 -98 234 167
 -98 234 167
 -98 234 167
 -98 234 167
 -98 234 167
 -98 234 167
 -98 234 167
 -98 234 167
 -98 234 167
 -98 234 167
 -98 234 167
 -98 234 167
 -98 234 167
 -98 234 167
 -98 234 167
 -98 234 167
 -98 234 167
 -98 234 167
 -98 234 167
 -98 234 167
 -98 234 167
 -98 234 167
 -98 234 167
 -98 234 167
 -98 234 167
 -98 234 167
 -98 234 167
 -98 234 167
 -98 234 167
 -98 234 167
 -98 234 167
 -98 234 167
 8 213 163
 8 213 163
 8 213 163
 8 213 163
 8 213 163
 8 213 163
 8 213 163
 8 213 163
 8 213 163
 8 213 163
 8 213 163
 8 213 163
 8 213 163
 8 213 163
 8 213 163
 8 213 163
 8 213 163
 8 213 163
 8 213 163
 8 213 163
 8 213 163
 105 293 134
 105 293 134
 105 293 134
 105 293 134
 105 293 134
 105 293 134
 105 293 134
 105 293 134
 105 293 134
 105 293 134
 105 293 134
 105 293 134
 105 293 134
 105 293 134
 105 293 134
 105 293 134
 105 293 134
 105 293 134
 105 293 134
 105 293 134
 105 293 134
 105 293 134
 105 293 134
 105 293 134
 105 293 134
 105 293 134
 105 293 134
 105 293 134
 105 293 134
 105 293 134
 105 293 134
 105 293 134
 105 293 134
 105 293 134
 105 293 134
 105 293 134
 105 293 134
 105 293 134
 105 293 134
 105 293 134
 105 293 134
 181 275 89
 181 275 89
 181 275 89
 181 275 89
 181 275 89
 181 275 89
 181 275 89
 181 275 89
 181 275 89
 181 275 89
 181 275 89
 181 275 89
 181 275 89
 181 275 89
 181 275 89
 181 275 89
 181 275 89
 181 275 89
 181 275 89
 181 275 89
 181 275 89
 183 271 78
 183 271 78
 183 271 78
 183 271 78
 183 271 78
 183 271 78
 183 271 78
 183 271 78
 183 271 78
 183 271 78
 183 271 78
 183 271 78
 183 271 78
 183 271 78
 183 271 78
 183 271 78
 183 271 78
 183 271 78
 183 271 78
 183 271 78
 183 252 78
 159 252 88
 159 252 88
 159 252 88
 159 252 88
 159 252 88
 159 252 88
 159 252 88
 159 252 88
 159 252 88
 159 252 88
 159 252 88
 159 252 88
 159 252 88
 159 252 88
 159 252 88
 159 252 88
 159 252 88
 159 252 88
 159 252 88
 159 252 88
 157 317 68
 157 317 68
 157 317 68
 157 317 68
 157 317 68
 157 317 68
 157 317 68
 157 317 68
 157 317 68
 157 317 68
 157 317 68
 157 317 68
 157 317 68
 157 317 68
 157 317 68
 157 317 68
 157 317 68
 157 317 68
 157 317 68
 157 317 68
 157 317 68
 90 246 119
 90 246 119
 90 246 119
 90 246 119
 90 246 119
 90 246 119
 90 246 119
 90 246 119
 90 246 119
 90 246 119
 90 246 119
 90 246 119
 90 246 119
 90 246 119
 90 246 119
 90 246 119
 90 246 119
 90 246 119
 90 246 119
 90 246 119
 90 280 132
 95 280 132
 95 280 132
 95 280 132
 95 280 132
 95 280 132
 95 280 132
 95 280 132
 95 280 132
 95 280 132
 95 280 132
 95 280 132
 95 280 132
 95 280 132
 95 280 132
 95 280 132
 95 280 132
 95 280 132
 95 280 132
 95 280 132
 95 280 132
 66 210 175
 66 210 175
 66 210 175
 66 210 175
 66 210 175
 66 210 175
 66 210 175
 66 210 175
 66 210 175
 66 210 175
 66 210 175
 66 210 175
 66 210 175
 66 210 175
 66 210 175
 66 210 175
 66 210 175
 66 210 175
 66 210 175
 66 210 175
 66 210 175
 52 151 215
 52 151 215
 52 151 215
 52 151 215
 52 151 215
 52 151 215
 52 151 215
 52 151 215
 52 151 215
 52 151 215
 52 151 215
 52 151 215
 52 151 215
 52 151 215
 52 151 215
 52 151 215
 52 151 215
 52 151 215
 52 151 215
 52 151 215
 52 112 257
 76 112 257
 76 112 257
 76 112 257
 76 112 257
 76 112 257
 76 112 257
 76 112 257
 76 112 257
 76 112 257
 76 112 257
 76 112 257
 76 112 257
 76 112 257
 76 112 257
 76 112 257
 76 112 257
 76 112 257
 76 112 257
 76 112 257
 76 112 257
 0 -25 240
 0 -25 240
 0 -25 240
 0 -25 240
 0 -25 240
 0 -25 240
 0 -25 240
 0 -25 240
 0 -25 240
 0 -25 240
 0 -25 240
 0 -25 240
 0 -25 240
 0 -25 240
 0 -25 240
 0 -25 240
 0 -25 240
 0 -25 240
 0 -25 240
 0 -25 240
 0 -25 240
 -4 -63 293
 -4 -63 293
 -4 -63 293
 -4 -63 293
 -4 -63 293
 -4 -63 293
 -4 -63 293
 -4 -63 293
 -4 -63 293
 -4 -63 293
 -4 -63 293
 -4 -63 293
 -4 -63 293
 -4 -63 293
 -4 -63 293
 -4 -63 293
 -4 -63 293
 -4 -63 293
 -4 -63 293
 -4 -63 293
 -4 -155 236
 -61 -155 236
 -61 -155 236
 -61 -155 236
 -61 -155 236
 -61 -155 236
 -61 -155 236
 -61 -155 236
 -61 -155 236
 -61 -155 236
 -61 -155 236
 -61 -155 236
 -61 -155 236
 -61 -155 236
 -61 -155 236
 -61 -155 236
 -61 -155 236
 -61 -155 236
 -61 -155 236
 -61 -155 236
 -61 -155 236
 -89 -195 242
 -89 -195 242
 -89 -195 242
 -89 -195 242
 -89 -195 242
 -89 -195 242
 -89 -195 242
 -89 -195 242
 -89 -195 242
 -89 -195 242
 -89 -195 242
 -89 -195 242
 -89 -195 242
 -89 -195 242
 -89 -195 242
 -89 -195 242
 -89 -195 242
 -89 -195 242
 -89 -195 242
 -89 -195 242
 -89 -195 242
 -97 -228 232
 -97 -228 232
 -97 -228 232
 -97 -228 232
 -97 -228 232
 -97 -228 232
 -97 -228 232
 -97 -228 232
 -97 -228 232
 -97 -228 232
 -97 -228 232
 -97 -228 232
 -97 -228 232
 -97 -228 232
 -97 -228 232
 -97 -228 232
 -97 -228 232
 -97 -228 232
 -97 -228 232
 -97 -228 232
 -142 -260 152
 -142 -260 152
 -142 -260 152
 -142 -260 152
 -142 -260 152
 -142 -260 152
 -142 -260 152
 -142 -260 152
 -142 -260 152
 -142 -260 152
 -142 -260 152
 -142 -260 152
 -142 -260 152
 -142 -260 152
 -142 -260 152
 -142 -260 152
 -142 -260 152
 -142 -260 152
 -142 -260 152
 -142 -260 152
 -142 -260 152
 -150 -294 200
 -150 -294 200
 -150 -294 200
 -150 -294 200
 -150 -294 200
 -150 -294 200
 -150 -294 200
 -150 -294 200
 -150 -294 200
 -150 -294 200
 -150 -294 200
 -150 -294 200
 -150 -294 200
 -150 -294 200
 -150 -294 200
 -150 -294 200
 -150 -294 200
 -150 -294 200
 -150 -294 200
 -150 -294 200
 -150 -294 200
 -188 -300 106
 -188 -300 106
 -188 -300 106
 -188 -300 106
 -188 -300 106
 -188 -300 106
 -188 -300 106
 -188 -300 106
 -188 -300 106
 -188 -300 106
 -188 -300 106
 -188 -300 106
 -188 -300 106
 -188 -300 106
 -188 -300 106
 -188 -300 106
 -188 -300 106
 -188 -300 106
 -188 -300 106
 -188 -300 106
 -220 -326 102
 -220 -326 102
 -220 -326 102
 -220 -326 102
 -220 -326 102
 -220 -326 102
 -220 -326 102
 -220 -326 102
 -220 -326 102
 -220 -326 102
 -220 -326 102
 -220 -326 102
 -220 -326 102
 -220 -326 102
 -220 -326 102
 -220 -326 102
 -220 -326 102
 -220 -326 102
 -220 -326 102
 -220 -326 102
 -220 -326 102
 -259 -325 50
 -259 -325 50
 -259 -325 50
 -259 -325 50
 -259 -325 50
 -259 -325 50
 -259 -325 50
 -259 -325 50
 -259 -325 50
 -259 -325 50
 -259 -325 50
 -259 -325 50
 -259 -325 50
 -259 -325 50
 -259 -325 50
 -259 -325 50
 -259 -325 50
 -259 -325 50
 -259 -325 50
 -259 -325 50
 -259 -325 50
 -283 -293 -11
 -283 -293 -11
 -283 -293 -11
 -283 -293 -11
 -283 -293 -11
 -283 -293 -11
 -283 -293 -11
 -283 -293 -11
 -283 -293 -11
 -283 -293 -11
 -283 -293 -11
 -283 -293 -11
 -283 -293 -11
 -283 -293 -11
 -283 -293 -11
 -283 -293 -11
 -283 -293 -11
 -283 -293 -11
 -283 -293 -11
 -283 -293 -11
 -313 -313 3
 -313 -313 3
 -313 -313 3
 -313 -313 3
 -313 -313 3
 -313 -313 3
 -313 -313 3
 -313 -313 3
 -313 -313 3
 -313 -313 3
 -313 -313 3
 -313 -313 3
 -313 -313 3
 -313 -313 3
 -313 -313 3
 -313 -313 3
 -313 -313 3
 -313 -313 3
 -313 -313 3
 -313 -313 3
 -313 -313 3
 -314 -259 -48
 -314 -259 -48
 -314 -259 -48
 -314 -259 -48
 -314 -259 -48
 -314 -259 -48
 -314 -259 -48
 -314 -259 -48
 -314 -259 -48
 -314 -259 -48
 -314 -259 -48
 -314 -259 -48
 -314 -259 -48
 -314 -259 -48
 -314 -259 -48
 -314 -259 -48
 -314 -259 -48
 -314 -259 -48
 -314 -259 -48
 -314 -259 -48
 -314 -259 -48
 -333 -276 -23
 -333 -276 -23
 -333 -276 -23
 -333 -276 -23
 -333 -276 -23
 -333 -276 -23
 -333 -276 -23
 -333 -276 -23
 -333 -276 -23
 -333 -276 -23
 -333 -276 -23
 -333 -276 -23
 -333 -276 -23
 -333 -276 -23
 -333 -276 -23
 -333 -276 -23
 -333 -276 -23
 -333 -276 -23
 -333 -276 -23
 -333 -276 -23
 -325 -255 -29
 -325 -255 -29
 -325 -255 -29
 -325 -255 -29
 -325 -255 -29
 -325 -255 -29
 -325 -255 -29
 -325 -255 -29
 -325 -255 -29
 -325 -255 -29
 -325 -255 -29
 -325 -255 -29
 -325 -255 -29
 -325 -255 -29
 -325 -255 -29
 -325 -255 -29
 -325 -255 -29
 -325 -255 -29
 -325 -255 -29
 -325 -255 -29
 -325 -255 -29
 -325 -241 -4
 -325 -241 -4
 -325 -241 -4
 -325 -241 -4
 -325 -241 -4
 -325 -241 -4
 -325 -241 -4
 -325 -241 -4
 -325 -241 -4
 -325 -241 -4
 -325 -241 -4
 -325 -241 -4
 -325 -241 -4
 -325 -241 -4
 -325 -241 -4
 -325 -241 -4
 -325 -241 -4
 -325 -241 -4
 -325 -241 -4
 -325 -241 -4
 -325 -241 -4
 -333 -260 43
 -333 -260 43
 -333 -260 43
 -333 -260 43
 -333 -260 43
 -333 -260 43
 -333 -260 43
 -333 -260 43
 -333 -260 43
 -333 -260 43
 -333 -260 43
 -333 -260 43
 -333 -260 43
 -333 -260 43
 -333 -260 43
 -333 -260 43
 -333 -260 43
 -333 -260 43
 -333 -260 43
 -333 -260 43
 -309 -217 25
 -309 -217 25
 -309 -217 25
 -309 -217 25
 -309 -217 25
 -309 -217 25
 -309 -217 25
 -309 -217 25
 -309 -217 25
 -309 -217 25
 -309 -217 25
 -309 -217 25
 -309 -217 25
 -309 -217 25
 -309 -217 25
 -309 -217 25
 -309 -217 25
 -309 -217 25
 -309 -217 25
 -309 -217 25
 -309 -217 25
 -319 -227 93
 -319 -227 93
 -319 -227 93
 -319 -227 93
 -319 -227 93
 -319 -227 93
 -319 -227 93
 -319 -227 93
 -319 -227 93
 -319 -227 93
 -319 -227 93
 -319 -227 93
 -319 -227 93
 -319 -227 93
 -319 -227 93
 -319 -227 93
 -319 -227 93
 -319 -227 93
 -319 -227 93
 -319 -227 93
 -319 -227 93
 -319 -227 93
 -319 -227 93
 -319 -227 93
 -319 -227 93
 -319 -227 93
 -319 -227 93
 -319 -227 93
 -319 -227 93
 -319 -227 93
 -319 -227 93
 -319 -227 93
 -319 -227 93
 -319 -227 93
 -319 -227 93
 -319 -227 93
 -319 -227 93
 -319 -227 93
 -319 -227 93
 -319 -227 93
 -319 -227 93
 -291 -141 149
 -291 -141 149
 -291 -141 149
 -291 -141 149
 -291 -141 149
 -291 -141 149
 -291 -141 149
 -291 -141 149
 -291 -141 149
 -291 -141 149
 -291 -141 149
 -291 -141 149
 -291 -141 149
 -291 -141 149
 -291 -141 149
 -291 -141 149
 -291 -141 149
 -291 -141 149
 -291 -141 149
 -291 -141 149
 -291 -141 149
 -269 -93 201
 -269 -93 201
 -269 -93 201
 -269 -93 201
 -269 -93 201
 -269 -93 201
 -269 -93 201
 -269 -93 201
 -269 -93 201
 -269 -93 201
 -269 -93 201
 -269 -93 201
 -269 -93 201
 -269 -93 201
 -269 -93 201
 -269 -93 201
 -269 -93 201
 -269 -93 201
 -269 -93 201
 -269 -93 201
 -269 -93 201
 -269 -93 201
 -269 -93 201
 -269 -93 201
 -269 -93 201
 -269 -93 201
 -269 -93 201
 -269 -93 201
 -269 -93 201
 -269 -93 201
 -269 -93 201
 -269 -93 201
 -269 -93 201
 -269 -93 201
 -269 -93 201
 -269 -93 201
 -269 -93 201
 -269 -93 201
 -269 -93 201
 -269 -93 201
 -269 -93 201
 -188 51 253
 -188 51 253
 -188 51 253
 -188 51 253
 -188 51 253
 -188 51 253
 -188 51 253
 -188 51 253
 -188 51 253
 -188 51 253
 -188 51 253
 -188 51 253
 -188 51 253
 -188 51 253
 -188 51 253
 -188 51 253
 -188 51 253
 -188 51 253
 -188 51 253
 -188 51 253
 -188 51 253
 -169 71 209
 -169 71 209
 -169 71 209
 -169 71 209
 -169 71 209
 -169 71 209
 -169 71 209
 -169 71 209
 -169 71 209
 -169 71 209
 -169 71 209
 -169 71 209
 -169 71 209
 -169 71 209
 -169 71 209
 -169 71 209
 -169 71 209
 -169 71 209
 -169 71 209
 -169 71 209
 -169 149 225
 -110 149 225
 -110 149 225
 -110 149 225
 -110 149 225
 -110 149 225
 -110 149 225
 -110 149 225
 -110 149 225
 -110 149 225
 -110 149 225
 -110 149 225
 -110 149 225
 -110 149 225
 -110 149 225
 -110 149 225
 -110 149 225
 -110 149 225
 -110 149 225
 -110 149 225
 -110 149 225
 -52 166 224
 -52 166 224
 -52 166 224
 -52 166 224
 -52 166 224
 -52 166 224
 -52 166 224
 -52 166 224
 -52 166 224
 -52 166 224
 -52 166 224
 -52 166 224
 -52 166 224
 -52 166 224
 -52 166 224
 -52 166 224
 -52 166 224
 -52 166 224
 -52 166 224
 -52 166 224
 -52 166 224
 -48 160 202
 -48 160 202
 -48 160 202
 -48 160 202
 -48 160 202
 -48 160 202
 -48 160 202
 -48 160 202
 -48 160 202
 -48 160 202
 -48 160 202
 -48 160 202
 -48 160 202
 -48 160 202
 -48 160 202
 -48 160 202
 -48 160 202
 -48 160 202
 -48 160 202
 -48 160 202
 -48 289 160
 31 289 160
 31 289 160
 31 289 160
 31 289 160
 31 289 160
 31 289 160
 31 289 160
 31 289 160
 31 289 160
 31 289 160
 31 289 160
 31 289 160
 31 289 160
 31 289 160
 31 289 160
 31 289 160
 31 289 160
 31 289 160
 31 289 160
 31 289 160
 -11 266 118
 -11 266 118
 -11 266 118
 -11 266 118
 -11 266 118
 -11 266 118
 -11 266 118
 -11 266 118
 -11 266 118
 -11 266 118
 -11 266 118
 -11 266 118
 -11 266 118
 -11 266 118
 -11 266 118
 -11 266 118
 -11 266 118
 -11 266 118
 -11 266 118
 -11 266 118
 -11 266 118
 31 346 51
 31 346 51
 31 346 51
 31 346 51
 31 346 51
 31 346 51
 31 346 51
 31 346 51
 31 346 51
 31 346 51
 31 346 51
 31 346 51
 31 346 51
 31 346 51
 31 346 51
 31 346 51
 31 346 51
 31 346 51
 31 346 51
 31 346 51
 40 346 5
 40 346 5
 40 346 5
 40 346 5
 40 346 5
 40 346 5
 40 346 5
 40 346 5
 40 346 5
 40 346 5
 40 346 5
 40 346 5
 40 346 5
 40 346 5
 40 346 5
 40 346 5
 40 346 5
 40 346 5
 40 346 5
 40 346 5
 40 346 5
 55 347 -60
 55 347 -60
 55 347 -60
 55 347 -60
 55 347 -60
 55 347 -60
 55 347 -60
 55 347 -60
 55 347 -60
 55 347 -60
 55 347 -60
 55 347 -60
 55 347 -60
 55 347 -60
 55 347 -60
 55 347 -60
 55 347 -60
 55 347 -60
 55 347 -60
 55 347 -60
 55 347 -60
 116 350 -183
 116 350 -183
 116 350 -183
 116 350 -183
 116 350 -183
 116 350 -183
 116 350 -183
 116 350 -183
 116 350 -183
 116 350 -183
 116 350 -183
 116 350 -183
 116 350 -183
 116 350 -183
 116 350 -183
 116 350 -183
 116 350 -183
 116 350 -183
 116 350 -183
 116 350 -183
 106 302 -216
 106 302 -216
 106 302 -216
 106 302 -216
 106 302 -216
 106 302 -216
 106 302 -216
 106 302 -216
 106 302 -216
 106 302 -216
 106 302 -216
 106 302 -216
 106 302 -216
 106 302 -216
 106 302 -216
 106 302 -216
 106 302 -216
 106 302 -216
 106 302 -216
 106 302 -216
 106 302 -216
 159 226 -342
 159 226 -342
 159 226 -342
 159 226 -342
 159 226 -342
 159 226 -342
 159 226 -342
 159 226 -342
 159 226 -342
 159 226 -342
 159 226 -342
 159 226 -342
 159 226 -342
 159 226 -342
 159 226 -342
 159 226 -342
 159 226 -342
 159 226 -342
 159 226 -342
 159 226 -342
 159 226 -342
 154 134 -373
 154 134 -373
 154 134 -373
 154 134 -373
 154 134 -373
 154 134 -373
 154 134 -373
 154 134 -373
 154 134 -373
 154 134 -373
 154 134 -373
 154 134 -373
 154 134 -373
 154 134 -373
 154 134 -373
 154 134 -373
 154 134 -373
 154 134 -373
 154 134 -373
 154 134 -373
 149 23 -421
 149 23 -421
 149 23 -421
 149 23 -421
 149 23 -421
 149 23 -421
 149 23 -421
 149 23 -421
 149 23 -421
 149 23 -421
 149 23 -421
 149 23 -421
 149 23 -421
 149 23 -421
 149 23 -421
 149 23 -421
 149 23 -421
 149 23 -421
 149 23 -421
 149 23 -421
 149 23 -421
 143 -69 -437
 143 -69 -437
 143 -69 -437
 143 -69 -437
 143 -69 -437
 143 -69 -437
 143 -69 -437
 143 -69 -437
 143 -69 -437
 143 -69 -437
 143 -69 -437
 143 -69 -437
 143 -69 -437
 143 -69 -437
 143 -69 -437
 143 -69 -437
 143 -69 -437
 143 -69 -437
 143 -69 -437
 143 -69 -437
 143 -69 -437
 112 -82 -424
 112 -82 -424
 112 -82 -424
 112 -82 -424
 112 -82 -424
 112 -82 -424
 112 -82 -424
 112 -82 -424
 112 -82 -424
 112 -82 -424
 112 -82 -424
 112 -82 -424
 112 -82 -424
 112 -82 -424
 112 -82 -424
 112 -82 -424
 112 -82 -424
 112 -82 -424
 112 -82 -424
 112 -82 -424
 107 -172 -433
 107 -172 -433
 107 -172 -433
 107 -172 -433
 107 -172 -433
 107 -172 -433
 107 -172 -433
 107 -172 -433
 107 -172 -433
 107 -172 -433
 107 -172 -433
 107 -172 -433
 107 -172 -433
 107 -172 -433
 107 -172 -433
 107 -172 -433
 107 -172 -433
 107 -172 -433
 107 -172 -433
 107 -172 -433
 107 -172 -433
 90 -174 -416
 90 -174 -416
 90 -174 -416
 90 -174 -416
 90 -174 -416
 90 -174 -416
 90 -174 -416
 90 -174 -416
 90 -174 -416
 90 -174 -416
 90 -174 -416
 90 -174 -416
 90 -174 -416
 90 -174 -416
 90 -174 -416
 90 -174 -416
 90 -174 -416
 90 -174 -416
 90 -174 -416
 90 -174 -416
 90 -174 -416
 96 -186 -420
 96 -186 -420
 96 -186 -420
 96 -186 -420
 96 -186 -420
 96 -186 -420
 96 -186 -420
 96 -186 -420
 96 -186 -420
 96 -186 -420
 96 -186 -420
 96 -186 -420
 96 -186 -420
 96 -186 -420
 96 -186 -420
 96 -186 -420
 96 -186 -420
 96 -186 -420
 96 -186 -420
 96 -186 -420
 97 -171 -425
 97 -171 -425
 97 -171 -425
 97 -171 -425
 97 -171 -425
 97 -171 -425
 97 -171 -425
 97 -171 -425
 97 -171 -425
 97 -171 -425
 97 -171 -425
 97 -171 -425
 97 -171 -425
 97 -171 -425
 97 -171 -425
 97 -171 -425
 97 -171 -425
 97 -171 -425
 97 -171 -425
 97 -171 -425
 97 -171 -425
 96 -66 -429
 96 -66 -429
 96 -66 -429
 96 -66 -429
 96 -66 -429
 96 -66 -429
 96 -66 -429
 96 -66 -429
 96 -66 -429
 96 -66 -429
 96 -66 -429
 96 -66 -429
 96 -66 -429
 96 -66 -429
 96 -66 -429
 96 -66 -429
 96 -66 -429
 96 -66 -429
 96 -66 -429
 96 -66 -429
 96 -66 -429
 116 7 -443
 116 7 -443
 116 7 -443
 116 7 -443
 116 7 -443
 116 7 -443
 116 7 -443
 116 7 -443
 116 7 -443
 116 7 -443
 116 7 -443
 116 7 -443
 116 7 -443
 116 7 -443
 116 7 -443
 116 7 -443
 116 7 -443
 116 7 -443
 116 7 -443
 116 7 -443
 108 132 -389
 108 132 -389
 108 132 -389
 108 132 -389
 108 132 -389
 108 132 -389
 108 132 -389
 108 132 -389
 108 132 -389
 108 132 -389
 108 132 -389
 108 132 -389
 108 132 -389
 108 132 -389
 108 132 -389
 108 132 -389
 108 132 -389
 108 132 -389
 108 132 -389
 108 132 -389
 108 132 -389
 112 208 -360
 112 208 -360
 112 208 -360
 112 208 -360
 112 208 -360
 112 208 -360
 112 208 -360
 112 208 -360
 112 208 -360
 112 208 -360
 112 208 -360
 112 208 -360
 112 208 -360
 112 208 -360
 112 208 -360
 112 208 -360
 112 208 -360
 112 208 -360
 112 208 -360
 112 208 -360
 112 208 -360
 100 284 -275
 100 284 -275
 100 284 -275
 100 284 -275
 100 284 -275
 100 284 -275
 100 284 -275
 100 284 -275
 100 284 -275
 100 284 -275
 100 284 -275
 100 284 -275
 100 284 -275
 100 284 -275
 100 284 -275
 100 284 -275
 100 284 -275
 100 284 -275
 100 284 -275
 100 284 -275
 82 337 -168
 82 337 -168
 82 337 -168
 82 337 -168
 82 337 -168
 82 337 -168
 82 337 -168
 82 337 -168
 82 337 -168
 82 337 -168
 82 337 -168
 82 337 -168
 82 337 -168
 82 337 -168
 82 337 -168
 82 337 -168
 82 337 -168
 82 337 -168
 82 337 -168
 82 337 -168
 82 337 -168
 105 373 -93
 105 373 -93
 105 373 -93
 105 373 -93
 105 373 -93
 105 373 -93
 105 373 -93
 105 373 -93
 105 373 -93
 105 373 -93
 105 373 -93
 105 373 -93
 105 373 -93
 105 373 -93
 105 373 -93
 105 373 -93
 105 373 -93
 105 373 -93
 105 373 -93
 105 373 -93
 105 373 -93
 105 373 -93
 105 373 -93
 105 373 -93
 105 373 -93
 105 373 -93
 105 373 -93
 105 373 -93
 105 373 -93
 105 373 -93
 105 373 -93
 105 373 -93
 105 373 -93
 105 373 -93
 105 373 -93
 105 373 -93
 105 373 -93
 105 373 -93
 105 373 -93
 105 373 -93
 105 373 -93
 74 289 137
 74 289 137
 74 289 137
 74 289 137
 74 289 137
 74 289 137
 74 289 137
 74 289 137
 74 289 137
 74 289 137
 74 289 137
 74 289 137
 74 289 137
 74 289 137
 74 289 137
 74 289 137
 74 289 137
 74 289 137
 74 289 137
 74 289 137
 74 289 137
 32 185 200
 32 185 200
 32 185 200
 32 185 200
 32 185 200
 32 185 200
 32 185 200
 32 185 200
 32 185 200
 32 185 200
 32 185 200
 32 185 200
 32 185 200
 32 185 200
 32 185 200
 32 185 200
 32 185 200
 32 185 200
 32 185 200
 32 185 200
 32 185 200
 32 185 200
 32 185 200
 32 185 200
 32 185 200
 32 185 200
 32 185 200
 32 185 200
 32 185 200
 32 185 200
 32 185 200
 32 185 200
 32 185 200
 32 185 200
 32 185 200
 32 185 200
 32 185 200
 32 185 200
 32 185 200
 32 185 200
 32 185 200
 12 96 269
 12 96 269
 12 96 269
 12 96 269
 12 96 269
 12 96 269
 12 96 269
 12 96 269
 12 96 269


# name: compass_offset
# type: matrix
# rows: 1
# columns: 3
 -3.0508000000000002 113.23099999999999 -71.831000000000003


